628
277
560
119
2828
2055
2222
188
650
508
5560
1019
335
1989
2766
4103
1634
5547
310
1761
642
2850
331
2881
151
2018
85
4087
399
1387
2202
1815
1504
1622
1593
338
2282
2953
320
1541
2224
218
13
2827
235
354
2841
397
2826
1069
4169
1517
2276
2668
273
1708
1383
2210
113
118
2159
1558
2654
457
1601
2309
1184
2663
2802
323
4355
540
3971
1390
1947
1767
2845
1278
2231
405
4214
29
365
616
366
304
5592
75
2240
429
1920
4658
2709
1535
620
134
1589
30
2262
3956
1465
141
103
2263
223
329
217
121
4073
293
2577
1478
316
452
2891
3266
3298
4152
2287
2331
2324
496
1285
143
4101
79
4257
1573
4921
2243
2825
351
787
2634
4235
3969
2824
60
1168
2770
649
4234
1453
2442
2593
1531
409
913
2632
2899
704
3068
4480
518
2060
1392
3083
5241
220
1585
2289
1928
4650
187
2686
2596
1995
2448
150
547
2166
2056
3876
5419
167
5577
1621
4154
4967
372
4062
692
80
515
693
2465
1056
709
727
1323
2568
1231
86
1996
152
5051
2452
1735
3925
71
2404
2497
88
1594
156
1251
2620
283
70
2665
1588
2914
4360
22
2420
2507
2253
3933
3934
1730
4189
4286
1048
232
2561
117
1729
2816
3004
1072
2085
3789
1840
1908
1780
1945
2626
5269
2207
244
3817
1610
319
1084
2185
384
1009
1722
93
4990
388
4046
2267
1984
1627
1445
4142
108
2685
2208
2847
3816
2941
128
4677
881
2306
2732
1
1650
4100
3914
1822
230
2965
1582
2614
2759
179
1492
5463
667
1625
5467
4220
566
2959
922
426
715
3826
127
296
1257
4209
3982
2463
4568
2986
2651
4218
292
422
674
964
5531
5585
3071
2058
2801
1440
823
1901
398
2203
1643
24
3957
1520
282
5434
2183
3952
2514
2637
2180
2057
1916
1678
3923
4335
99
5057
1681
3851
1760
4337
4139
4815
1979
324
5457
2314
2134
4106
2940
1768
4049
2764
2704
1753
3996
1328
1611
2220
116
4982
3666
264
582
2065
1798
68
2154
1493
1500
2942
1458
5571
2143
4489
199
555
290
643
470
662
135
211
160
2967
1070
1727
4164
3860
3877
317
1064
1395
4091
2184
2269
97
994
451
454
1334
1574
2350
302
3253
1280
2499
2019
501
1372
2711
3180
2301
1065
1452
1666
2888
2927
1381
295
2400
162
1972
919
28
2187
4042
1219
488
159
2127
5007
2667
1958
5045
2798
2120
4647
148
2815
4035
2800
4923
992
1850
305
2660
773
2443
4936
1425
2555
1312
206
234
665
2892
2624
1198
2297
1891
498
1595
2708
2714
1510
346
4166
538
4178
1073
139
1835
1739
810
2666
253
724
3849
2573
52
2059
2291
858
5488
4311
256
3831
2661
5265
717
4552
2814
1369
373
4292
2199
154
4182
1254
5080
5258
528
5569
545
2217
138
607
2088
1956
2296
722
3997
1946
4627
2449
3943
3922
2412
3878
855
115
3961
437
2157
3347
960
1193
4354
1771
2044
2600
1856
2238
2807
5021
1783
225
5495
2904
2464
942
3385
4361
36
490
3016
2947
265
1024
3603
129
1039
1353
2273
2176
2316
706
443
2496
4188
4048
2034
2451
4159
2636
4622
1651
2075
1426
478
4541
1607
334
336
255
2226
1701
2605
77
2151
1486
3006
3425
1560
240
1620
3814
611
1702
1886
731
4196
1859
270
262
101
3373
906
1578
4112
1890
476
2286
1488
3431
2432
711
794
3695
2165
2523
2765
666
1265
4248
2948
1617
261
281
5268
2820
4194
2233
4186
1258
1385
3796
2466
4208
2599
5046
1035
1421
2194
3412
2908
2092
644
389
20
4452
836
1785
3470
1742
94
3812
358
3913
4122
1221
3862
2505
887
5466
2554
449
1596
2470
2970
2907
1333
1034
2675
864
1136
2842
849
133
2163
2132
166
2121
1893
2615
2254
1428
401
3001
2050
5440
1857
1637
2102
2246
524
370
4041
1860
4297
2900
798
2292
243
297
3571
4302
2011
4239
4116
4837
472
486
1409
1471
294
45
5611
284
4707
2717
242
1335
403
1764
1791
2373
5485
2513
4148
4637
4308
5535
3114
4940
2854
4111
2091
1686
4215
3839
1367
3010
1750
4329
2726
1641
1982
2779
4207
2427
313
469
42
740
5213
5515
5230
5550
1544
4868
1185
2387
4185
2871
2582
1765
5305
341
322
737
2031
1667
3066
2068
2567
3112
1832
5450
4592
400
1624
2108
5477
4086
2993
3806
1018
2178
3396
189
247
2330
2181
1828
2248
1690
3970
2625
361
4594
3311
2832
1507
2772
1978
2584
2172
4174
2716
2022
76
90
2438
2173
2422
2861
34
39
3427
3037
348
3803
1615
2656
5580
2784
4757
33
1565
597
1183
3479
3379
3270
2142
4341
87
2876
165
4231
309
1149
2392
1790
3392
1207
278
2413
920
1439
3271
38
2383
67
340
5035
4221
1515
2444
1976
3450
4061
2402
2588
368
1688
4134
3677
2691
2053
4242
944
2461
1781
1063
5433
312
1344
213
5185
395
1506
298
3861
3892
2703
1448
2669
3237
1438
3807
5010
1973
1740
3464
950
1086
4304
716
2890
3906
2073
5223
840
5600
4109
2758
2079
1616
174
2566
1645
4076
406
2659
2321
2587
2339
1563
1988
837
1007
2722
1813
4144
4034
2769
198
177
3488
1836
2048
3423
2319
164
1175
1954
1046
1963
1755
4136
2358
1212
2664
1016
3972
725
360
860
1567
3189
353
3055
2810
2327
2024
4810
4099
2385
5615
3993
49
1163
280
5605
2310
2328
2378
2426
981
4668
1870
585
2504
1749
2885
2064
3936
2374
2439
4238
2998
1299
4917
2715
1374
3836
175
1202
147
1705
5572
1287
1138
4555
895
2175
1526
145
5164
696
58
574
2093
2840
2401
826
1723
0
1548
615
3915
1350
5247
4895
630
2406
2300
2650
988
438
4037
1825
5439
1602
1066
710
66
74
3646
2265
4053
1846
2786
2657
2295
5189
3541
3802
1480
765
517
792
2955
3382
1583
464
2558
3268
3458
3048
142
989
2958
1354
3627
149
3904
173
1311
1679
2369
3456
1490
2570
2219
1773
5025
1788
4715
513
4795
701
2541
2489
5304
3387
2878
1968
2658
2425
1481
3459
639
2791
1998
3249
2341
4175
1187
1477
227
531
1709
3495
3940
577
4620
153
2646
2135
3410
1111
4146
2527
2274
1837
1240
1675
2671
5613
4610
1151
1924
4113
4428
3056
5121
682
1040
5004
456
1895
5473
1427
1139
4659
1378
3557
3515
979
1631
2197
3223
1400
2805
3681
4951
