5092
1639
2017
2968
3558
3731
3932
4253
3118
393
927
1028
1337
1339
1878
2522
2934
3044
3103
3171
3308
3363
3389
3567
3619
3708
4657
4696
5308
5326
5417
4842
4241
888
3520
3232
3764
3765
4467
136
436
1576
5274
433
2318
3352
3757
4057
4453
4765
4889
245
3275
723
651
1255
1370
2743
3328
3386
3552
3874
4572
4575
5538
15
953
970
1375
1934
2036
2362
2491
3216
3617
4367
4749
5029
5203
2906
3150
3623
3953
4322
4333
4560
5063
5394
5574
638
983
1307
1396
2123
5170
559
595
3706
3786
5548
5451
1649
41
268
326
460
578
1433
1932
3081
3228
3233
3241
4283
4751
4827
4938
5237
4984
3565
2397
2619
3065
4403
3343
3705
4243
61
1776
3661
1188
1691
5608
5267
3250
3315
902
1144
1635
1744
1752
1844
1861
2903
2922
3017
3085
3111
3230
3769
4417
4444
4753
5032
5344
10
745
873
1164
1283
2746
4408
4499
5067
5364
4718
327
5289
40
505
846
899
1557
1716
1902
2270
2349
4559
4852
4969
926
1235
1347
1468
1519
1554
1907
2041
2113
2579
2999
4310
1741
1171
1614
3411
5059
5214
4584
2894
4702
827
2723
764
3771
349
509
1067
2394
3381
3994
5120
5142
1102
1228
1626
1810
2788
3021
3744
3983
4282
4425
576
1913
4158
782
940
1088
2380
2944
4607
4850
5054
5374
330
1883
2751
3355
4351
4272
35
2258
2417
3439
3718
3737
4876
4904
5037
98
1483
1513
1619
2071
2450
2590
2811
3146
3262
3518
3865
3880
3899
4212
4436
4488
4518
4558
5219
5402
5602
811
1232
2601
3584
3596
4681
4847
5479
3636
4339
4909
1512
1346
1336
1411
2107
2344
2408
2865
4954
3082
4580
5012
5347
1820
2742
3093
4782
5390
1143
4437
1244
2103
2729
3522
3694
4515
1852
2025
3151
5075
205
2823
3136
4016
4028
1789
3359
556
830
923
1112
2195
2332
2542
2702
3549
4519
4600
4783
5382
5581
2171
57
857
2334
3194
4435
4744
5401
929
2229
3638
4956
195
425
575
707
1106
1365
1605
1684
2836
2990
3331
3556
3838
4135
4495
4621
5313
5321
5497
3551
4767
4892
4897
4129
756
2405
1010
619
916
1110
1380
4456
4752
5407
848
871
1441
2534
4295
4598
4862
287
4563
5089
169
1050
2174
2320
3254
3478
3573
2893
3235
4739
1288
3760
5042
5291
3559
494
956
1154
2236
2648
3060
3220
3540
3702
3815
4358
4455
4908
5332
5584
78
387
1474
2476
3162
3207
4332
4590
4638
4735
4740
4854
5070
5261
5370
5380
1121
2853
4051
2393
4385
3283
1584
3341
2583
655
875
3215
5582
5625
1090
4887
2774
3374
3314
4851
613
730
878
1957
2144
4092
4496
5174
5197
5323
5426
4870
1058
2119
2483
3329
3730
3985
4916
5271
5400
5510
542
5
122
1316
1800
2481
2698
3173
4400
4421
4840
4974
5117
5405
749
1394
3372
4834
5447
2868
1736
104
3433
1642
3104
3733
4733
4896
4924
5108
5599
431
3098
5113
5125
5148
5233
204
1824
5081
3683
2268
4809
1434
2506
3554
3615
3749
4470
4516
4802
5062
5518
12
525
854
984
1012
1834
2130
2778
3091
3265
3353
3586
3710
3758
4587
5227
5296
475
4362
3201
3212
3882
3981
5300
5443
5475
5489
5609
5622
356
1718
2917
415
973
2066
3992
4330
4180
3393
197
1200
2752
2796
3357
3980
4413
5053
5115
5422
1361
1892
3349
5073
5209
5322
2730
1875
2731
4033
4315
4475
5365
4484
5349
5429
5573
908
1888
2409
3511
3713
4240
4270
4370
4376
4615
4642
4853
4958
5610
2655
2985
3042
3193
5430
1403
3910
3911
4250
4727
3437
5026
1306
32
337
465
5413
4632
5406
1310
2384
2612
2699
3054
3591
5156
2490
4874
5238
5355
5511
4911
2415
3687
2935
686
771
1304
1443
1904
4448
4693
5043
5281
898
1115
1689
2978
3663
775
633
1499
2780
974
1522
3535
1256
1454
2347
2739
3069
3421
3799
4058
4414
4479
4628
4661
5418
100
2097
1994
1389
3375
3508
552
4881
5104
5587
4423
833
976
1952
2447
3128
3178
3634
3873
4396
4433
5006
5167
5176
5181
158
2045
3618
5329
5514
4962
1724
3693
1127
1843
2245
2343
2592
2706
2777
3208
4633
4949
5196
126
1119
3607
3950
4859
5468
680
640
780
2418
2969
3383
3974
4871
4910
4918
5127
568
1758
2411
3833
683
2775
726
2689
2860
4347
856
2141
3622
3828
4008
4497
4880
4901
5173
5339
5598
1693
3148
3759
3898
4719
5324
1551
4327
1472
3134
3323
4845
3967
5505
1745
81
1008
1470
1858
3530
4254
4383
4461
4884
1833
4233
4616
5311
5607
845
2539
3089
4284
4388
4644
4717
4912
5262
5314
3492
5036
4773
2901
106
2889
3644
4831
5192
434
1983
2145
1229
2787
2430
2564
527
685
734
993
2042
2365
3408
3419
3767
4944
5275
5438
3491
3538
4176
5512
5566
192
1706
4973
3561
4856
772
4679
4828
5246
691
3259
3345
4649
5079
5150
1415
4378
800
2864
617
357
411
421
834
1903
3145
3569
3613
4165
4350
4626
4690
4734
5103
5138
5193
2936
1379
2964
3116
4708
4788
5077
5620
4263
4971
977
4588
502
1054
1075
1222
1277
2153
3035
3218
4792
4905
5202
2342
5345
3473
4863
533
571
915
4387
27
1772
3070
3251
3292
3512
4156
4314
5236
5481
3052
4090
838
3628
4684
4237
5389
625
5140
985
4606
3935
109
4494
3955
729
2520
3141
3430
4469
5134
5386
5404
1095
2736
4197
4798
5116
5282
3545
3026
4865
5383
5423
1227
3712
1608
1263
4875
5293
534
1043
2001
3690
4217
4801
4819
37
4275
1710
3612
2740
3197
5022
2884
807
3723
5068
5186
588
4031
4309
5175
5350
26
622
1803
2467
3653
3908
4888
5287
390
546
4992
2353
3267
3692
5133
5218
5532
1673
2345
770
1533
3013
3073
4179
5396
1177
1189
455
2326
3087
3187
214
2215
592
1130
3107
4039
763
1496
3501
5626
511
3564
3763
4060
4157
4210
4972
678
947
2333
3122
3711
4517
1001
4504
4447
5055
2597
4665
4985
4866
2609
5151
3707
2518
3659
4989
2216
500
539
4249
968
5065
784
2794
3160
3174
4948
1699
1430
4631
1909
3517
5152
2117
2147
5593
2304
391
1751
4879
5014
5562
4725
5288
4774
5000
3321
5182
3277
4775
5122
450
1571
1487
1290
954
249
4883
444
5526
5578
4316
4770
653
504
1116
5050
1469
5555
5128
2440
699
652
1150
1252
3641
4885
543
599
886
890
911
1011
1053
1079
2201
2225
3448
3516
3527
3611
3645
4602
4605
4687
4771
5188
5397
5623
