62
60
61
2
730
463
59
78
729
487
591
107
491
1309
902
52
1909
1312
53
485
822
834
201
449
1900
1394
703
2133
553
1330
1893
1026
95
751
9598
413
388
742
1575
73
906
4485
20323
7762
555
15598
1313
904
9638
8
51
1429
824
897
662
1279
9664
1920
2069
3460
1614
2120
7341
1032
731
625
6116
1650
3495
64
2638
113
14879
70
16576
1304
10938
447
1431
1923
2785
7666
196
3891
3773
2331
7767
1547
1452
3486
787
1493
36
1317
2725
13483
6816
685
1509
1262
5615
18
6440
816
3452
10040
1974
460
7350
709
111
1069
403
5793
58
477
15595
1264
1554
80
3485
1498
69
3524
2641
1296
3047
2553
483
694
3274
734
3453
747
91
1586
480
6002
488
741
812
727
717
782
3078
871
5
1310
14954
859
9440
622
87
451
1283
1539
5916
23712
13136
1270
1398
3102
472
9591
39
868
1484
1679
446
2092
14805
2769
2219
3489
3756
9004
3742
1600
732
761
7679
864
733
2322
5211
145
3063
24014
689
141
2047
2238
3549
691
479
2506
1564
465
4344
11840
9933
2675
8574
1566
1572
2222
744
1549
3523
2130
2055
7275
2790
63
202
6245
2295
2648
615
1780
1561
2611
832
711
776
1320
5045
457
2282
1031
7774
2601
7670
754
2517
4740
2788
1
2251
2626
10105
476
2841
3069
7667
481
792
1293
1458
549
2739
5486
3699
1272
801
4358
4975
1896
16557
2022
713
6913
1427
16717
5030
435
2983
833
6953
13923
550
16223
4954
7737
493
6750
1329
1284
768
865
3861
1555
2151
629
23133
3526
18012
25294
12221
6812
2035
3182
1377
1779
1311
3056
9617
99
3089
4045
3406
2562
3596
4962
5156
2235
1910
9594
1932
2353
3819
3616
2527
10788
2987
8740
2518
8365
7297
4422
7547
1919
6324
7689
752
3257
422
1411
203
640
77
1453
16912
1543
6006
3618
11210
6952
3260
8227
5535
7548
15964
1254
15354
458
2332
2587
1556
5222
7163
74
1866
3060
148
2577
1935
1332
2732
22019
772
774
207
8426
206
5063
13169
1885
147
2161
2124
468
1438
9479
1316
6181
21289
3465
3402
9141
3536
3768
5157
10060
3365
2986
7529
482
9632
532
6827
11235
17435
16897
1590
3767
726
5634
6259
5623
9643
786
1502
82
11139
27199
2624
803
459
14979
8031
2016
8350
1615
2939
84
6923
3268
1707
1955
3243
7194
68
160
1273
12935
2576
5168
3149
20944
779
1267
2397
9629
910
7653
736
10619
16923
11558
1856
3713
4401
3764
4349
6542
13855
1299
9454
2539
17171
849
443
6958
40
2551
3480
1472
2591
5382
92
6286
6048
5135
2556
462
12536
1822
114
3428
2146
16014
11122
1381
813
2269
9395
9966
1257
1786
9644
13066
2689
31
18045
1536
701
21802
1415
2252
2093
1558
20531
8442
5203
1530
9717
4061
5869
4628
1588
2163
611
109
18413
1589
3144
496
4390
3100
27499
7018
1292
6086
5145
23198
5490
7434
2578
3
1364
22
3750
9875
22068
27462
5552
11172
9561
2685
3187
5663
680
5297
27
469
12088
10246
7902
5253
3857
821
4336
2681
4482
3181
7668
2925
1277
3487
7346
10626
6080
11152
2006
19121
3088
3135
1711
28412
9721
81
2170
3450
28910
16896
1369
2698
11188
29240
3448
18511
4761
2150
2287
10616
17096
4335
1412
3695
1622
12135
3201
12403
1425
708
2197
105
5389
5027
5085
2752
471
115
8080
2589
16761
4951
1947
1496
854
740
16809
2067
423
621
19362
3045
2135
5152
651
20412
1559
1518
1418
2528
1690
197
17473
4053
3128
28
2695
1307
5179
6460
9547
15590
522
5106
6078
3441
199
27975
4959
6820
470
9360
12582
2129
5195
11191
7355
2148
9980
473
7485
1971
8369
4059
6960
3571
2000
7519
3440
7306
227
1631
18629
10491
2605
18659
3688
8902
2115
12821
1727
896
613
1684
3840
2750
6993
9354
7502
6338
1326
1308
2992
2701
11538
908
89
4557
2635
284
9414
4383
2604
5945
6692
4979
6975
11786
7
808
6932
2159
2119
5049
1772
2513
4075
714
2679
3620
15808
3053
6686
7358
1343
9789
5171
1360
6540
2508
29035
1430
4219
1451
4100
1548
466
12069
3216
7062
6256
538
1828
5553
913
18710
9421
9676
872
18700
3573
4099
106
8396
9630
9063
4224
1523
1553
5837
1808
2231
2598
474
15299
2643
3305
3766
4575
3150
2137
6738
1449
3610
25950
2646
2678
6058
14956
3850
22113
29877
3203
1287
1345
6701
8451
722
8140
8727
10092
12234
14560
16910
4429
7954
1443
1983
2367
7686
26156
3513
3285
5407
22133
8138
616
2141
2262
18030
5170
6335
12917
2156
1534
5023
5476
3624
893
7796
8978
8910
3656
10614
10352
5110
2091
2040
2225
2160
8421
8358
6754
12186
2234
9652
503
21993
9019
19420
6571
3231
4009
4958
656
5574
3400
7565
895
1371
11112
2755
6242
5655
633
6598
2094
5073
2145
692
1953
9859
6704
6462
502
13230
5851
7522
13827
16308
13519
16504
11932
1692
31048
3355
3169
8599
1337
678
7873
894
11142
1495
507
1918
9529
7855
4976
784
2052
1302
2387
10506
18858
14567
1925
7997
2754
6427
2089
2352
2031
2758
664
4350
4435
3682
19719
3473
1314
4579
6197
26850
1562
5617
11473
1930
3778
5816
7436
5408
4586
6651
25053
869
6023
3504
5301
1422
1282
2703
2609
4439
892
2848
1440
597
2415
15094
17628
1456
1596
2054
2625
3307
100
3422
23563
6255
3348
5001
13822
705
16666
2592
7716
146
743
12930
11364
15068
5478
11282
641
2893
18028
402
3117
1917
3212
3653
3838
24746
4444
1676
2461
1654
1582
4700
30025
10345
7545
20736
16921
3085
18609
11286
619
3267
11520
29229
3692
12608
2391
5361
2555
6946
13711
10502
26214
28237
1576
10042
11653
2405
2929
3604
719
2726
27965
3603
7302
20344
3712
5467
5660
2330
5406
2979
3180
10072
3139
2743
2535
3566
21803
1303
12191
6810
2789
7120
3443
456
1774
565
3084
3592
5690
11366
15842
1448
2411
5165
2688
3508
1912
13901
2926
23144
5126
10976
1441
8085
393
1535
6224
878
2595
6600
7023
13506
27287
735
5337
17626
8725
9625
7607
8481
5501
5093
6008
12911
2737
18619
2545
19046
3134
24616
2719
14491
1248
198
4042
21996
7462
11663
8239
9677
6951
2993
7949
6134
9297
644
769
23
12169
1276
5243
65
7814
7849
1591
9504
1619
406
4076
2783
7721
5559
15261
4988
5852
6258
7763
2060
710
4237
1613
1860
5538
7714
12708
627
562
603
8161
10945
20826
4535
71
775
85
2048
3667
5967
6629
2002
10620
738
2086
5589
4412
12681
98
3101
5643
11788
9979
2548
15885
617
3716
1325
7766
11200
650
7100
3407
5256
2045
3659
27375
7879
1537
12777
21302
13929
14200
288
2017
400
5474
17967
101
903
6608
22634
3229
5946
29050
8589
6666
14456
18641
1056
3862
6166
15796
8145
1927
4225
292
3644
6169
9233
9443
9628
10451
3795
4367
5496
6331
7295
8858
12824
13323
15866
7342
7364
623
1500
1593
6941
3091
9636
2263
6819
56
1567
5072
5264
20964
7005
5696
9042
9531
10885
21907
2999
4541
5321
3706
15307
2307
20633
104
8768
5958
26266
5435
7758
4116
7363
3677
18259
4925
5576
10853
16534
5302
2239
7742
2749
5488
4441
18686
20532
1490
16
5536
5695
3598
15357
1766
6532
165
2184
3650
6589
7663
9409
11339
20092
5505
746
5043
32
6180
7465
2928
3789
3834
1384
9963
15785
829
10962
11025
44
235
1437
18683
6140
6438
5621
6690
2004
9818
8434
9008
2951
5930
12109
16518
9049
22663
10336
8356
24113
4108
3041
15552
490
1855
1375
4538
5369
6283
224
13484
1959
2590
12539
6782
7903
90
2627
2885
5599
6763
12202
18928
67
3772
6102
3771
11006
1934
13824
22093
25054
3612
10937
14672
23170
29213
5514
17618
2080
22431
1975
9565
18627
3082
13443
3770
2139
7449
10942
4543
1355
5590
7622
10557
10710
3271
5862
6643
8966
9016
9906
11295
21422
22136
7581
5475
19639
7944
19694
289
4995
11287
20933
2155
7044
20963
1890
2876
1234
2629
9495
10661
716
2317
3251
3205
5311
7178
9309
12738
18931
26613
3299
5963
4479
8952
11519
24769
2256
2557
9755
5122
12645
2845
9774
11887
12145
5546
1594
10920
1306
918
7329
2607
3092
3749
9085
14205
17463
7572
25470
3511
14981
10884
2628
4085
6801
9411
10964
30745
13051
5639
13841
2780
464
7414
4551
9569
1357
1775
13818
25319
3403
17958
1003
2131
9402
12064
23704
29866
7953
10997
29654
10405
10402
26
2981
5667
6325
8411
9071
9426
9635
12423
25024
25312
4534
310
3191
6572
8354
3605
4965
11878
17503
23177
5463
25595
16533
28563
3384
7131
14499
1167
4961
2459
11543
8577
1260
3547
13455
20297
28845
112
3634
12105
12188
20341
2122
1675
1540
189
1491
2748
7335
14607
17066
1886
907
162
3346
1322
2934
1300
6376
7945
2567
2568
3002
3179
3043
5887
6039
6732
5246
11952
4235
27035
796
6
428
4378
18650
1612
6970
6997
14855
17135
546
8975
1379
2475
2704
6190
6455
10214
4446
7376
8068
9357
10584
3600
1834
2645
8204
5130
9648
11087
3594
1926
1294
12617
1504
4953
6097
8853
9015
9867
13419
14457
3104
5031
1053
1094
7962
11365
8006
1249
4208
2728
6414
10597
16735
15716
18936
7983
2233
5029
3494
6863
9731
2406
9934
4242
9512
25
5094
9138
19142
8747
10356
2143
7319
8416
16135
6770
2727
3006
7361
7588
11162
27084
2386
2586
3335
8092
4348
10239
404
16010
25617
2580
5061
6284
24672
6330
823
4668
11347
5208
28782
5078
8375
9519
1328
4404
900
6929
9634
11400
15332
7440
12585
16333
21472
1265
5740
2118
200
783
3759
7486
8869
9056
14334
16044
14492
122
663
2756
5701
9157
1444
2354
2260
4391
5191
5400
5867
6277
2516
8311
1426
3741
11319
11585
12056
13676
15087
22092
29911
17455
6619
10515
10547
3049
3895
10592
13470
2284
21334
5503
27190
5491
16277
9690
1651
2895
3740
7222
7463
3724
11376
3551
2834
2958
2706
19334
4276
3590
6162
6339
15097
23631
8048
16920
15714
2941
467
4089
6045
6152
10992
11624
16031
7781
6069
411
1285
2270
2746
2211
7673
10058
6433
14850
6895
17524
20005
20856
11393
7345
6132
3073
10963
518
1106
1620
13526
1305
5026
9232
8710
13428
16875
18379
25606
26511
13887
1565
1538
7441
7049
72
1950
3715
4917
5884
7128
8117
8896
9030
5819
10861
18691
3410
23430
25224
3738
7939
241
2594
3079
4542
4908
7253
10767
12299
6296
15747
10330
18687
17393
15816
21708
15466
1939
1611
1609
20762
21363
25048
28680
76
2571
2644
35
9096
17660
9190
14955
1978
5462
1210
11601
5059
13017
11368
7625
420
1598
2596
2917
5242
424
2490
3086
5292
5706
2683
15382
16275
20090
7395
739
3492
4982
15708
26316
1993
5974
17765
10411
4062
1402
986
4489
6205
1327
2014
2162
2393
9
1455
2125
2340
2911
3321
5239
8393
8949
3703
9552
15096
15132
18393
18866
23353
26418
4544
7982
11406
6634
2228
11175
1730
2398
5409
7099
7514
8463
3227
7214
5808
12697
13482
15389
7451
18262
21662
10728
19897
1342
2058
8870
19721
23019
25127
5224
5161
489
2889
3790
6075
8798
2692
12920
13179
13750
13826
15427
23889
25459
25513
3166
4732
4939
6274
9831
22441
26740
29521
3841
6352
6246
5743
5554
12138
16898
1695
1961
3284
6760
9647
12552
7069
18737
16200
3245
6040
4436
14685
12028
1578
1480
1571
2715
8130
7281
18940
28881
10442
2255
2421
7213
12965
20017
17494
21675
23737
7735
86
3900
1603
2716
5000
14658
3545
5975
4486
6659
7961
10364
12101
9530
12795
7313
398
4684
6312
1469
8782
9639
14288
18888
25680
10
4191
1359
3146
969
7503
7865
4626
3062
15360
9273
814
4442
5445
8764
8983
9044
10724
9795
12363
6622
4483
14699
19450
19910
14993
25026
26317
18257
3433
3599
6111
7587
18378
23231
2032
3638
7372
13507
14958
17824
4811
3020
3859
6351
586
28986
1604
2422
3519
3567
5016
5883
8427
5754
8941
9283
9952
10892
15819
18713
21634
26881
636
11095
19485
2095
1944
2254
3127
3240
5470
5670
4414
3680
6972
7495
7586
6930
182
10670
11283
13320
13763
14613
16632
19073
20535
6232
679
8981
22785
23932
17607
23342
12973
1764
5136
9136
9483
10211
12233
11163
14285
3154
3288
23763
2921
4227
6781
6287
9439
11099
9549
21062
25104
20658
17679
5233
6107
28785
1519
3175
6204
3887
7816
905
6285
9688
7296
17045
23132
5583
5144
2204
4589
8303
9149
4946
9167
11280
13485
15855
7262
28232
1278
5188
5392
30
7881
10187
45
4026
8613
10941
13396
20881
1120
14482
8646
1340
4453
5955
5993
6044
8918
8132
9217
6550
20507
14465
11569
1339
867
2891
4474
1533
682
3039
11482
13165
8002
3985
1756
7929
5835
8963
9023
14921
1879
6188
10455
1550
11678
11769
15006
5017
5848
6915
8383
8459
8906
10284
14647
15017
6927
20512
12688
22108
18505
22162
637
6869
5058
94
492
6016
7125
7682
8372
8830
8980
9438
11296
4458
9110
9445
8251
21606
23808
25471
4553
1378
9408
11540
17150
19442
24632
28430
2057
2090
8478
10223
3563
5415
8397
5310
2187
14100
20065
21921
2380
1266
2005
1492
6275
7373
7506
9752
9923
25667
27555
1253
4720
4969
5525
13458
18027
18756
608
760
614
2288
5104
13540
805
2713
3611
4203
5709
16914
1194
3957
6646
10881
23432
3072
15561
10774
1635
1777
11812
1769
3998
5836
6859
3467
10504
2227
1269
2733
6653
12147
23413
10189
3378
2697
7426
10814
4233
10234
11114
13722
14331
5472
16124
16908
17381
17498
19358
14268
4562
4620
2073
2718
7452
14274
11956
24939
5167
4968
6038
8524
14420
15279
15918
16766
1933
1135
5293
2456
3776
5927
5934
5966
6057
6907
4223
13756
11449
5495
8586
11395
24353
24877
25428
28313
2969
10617
1840
2565
840
3210
3744
4452
5521
6597
8178
8412
8938
10806
11255
11331
9457
15792
15849
16325
17442
19421
20941
22751
5339
23448
9725
28041
9784
762
2356
3199
3393
3520
3774
4002
4504
5153
6949
7603
8141
8854
3477
10687
10959
10873
7593
11752
11813
13653
18909
21690
22865
23926
3569
6009
6141
6374
9498
10541
13216
14079
10213
17638
21722
18882
25245
11955
22078
1243
5516
5622
6085
10862
13825
512
12017
169
31060
5628
5834
10318
20804
780
6609
5162
5101
4582
1077
4983
1630
9218
5272
898
11397
14830
6990
14965
6559
12429
20076
26841
3537
6463
8443
10432
12644
12605
15596
10677
2364
4998
11983
10232
655
3505
7582
12676
13504
19143
6847
416
1969
3785
3848
10985
13217
20905
26380
18539
7323
5960
6201
10579
4109
12446
16609
2324
16181
9550
6688
1497
1580
3121
3546
6329
10435
11772
1940
12768
20358
5237
5962
5787
8424
12805
7827
16881
12159
19136
15353
29088
20573
2172
3272
3737
4428
4502
5428
5669
5863
6359
6591
7028
6590
8907
12843
12849
13180
13516
16730
17479
18883
19693
20753
20955
862
14726
8557
17931
12578
3398
3631
3657
3042
2268
5917
6167
7203
7718
8376
9428
10349
8131
10856
11092
11441
13724
13830
7026
15349
16561
22790
23781
5515
26194
7481
4725
10871
280
757
1252
1815
2323
3619
3637
3793
5015
5890
6461
7269
8964
9416
10130
2213
13392
14173
14701
16136
13488
18812
20527
24392
24393
5798
25112
25318
27251
2736
2437
4445
5861
5918
6776
7776
10984
1542
12271
8129
15672
15775
12151
14550
5492
23380
14071
1618
2237
143
2011
1916
6667
9405
6977
18175
18026
19339
5405
6131
11110
6737
909
20348
14574
4573
2787
3286
4409
5328
4377
7717
12294
16529
9760
1204
1474
3784
5221
7930
8384
6545
10180
12129
15102
15746
10479
19522
19564
19900
17097
23008
16985
17072
8137
1399
5064
5121
9033
810
22899
6989
554
5567
684
9300
755
5271
6288
14056
15289
17323
3815
12798
303
1045
7474
7675
5707
9028
9462
11221
12958
14282
12125
16011
17210
14084
19810
14960
21746
18524
16864
25393
26298
2881
3302
12394
1291
6163
6624
14083
3224
3915
6509
1617
1979
3645
5892
5895
8387
6298
8958
9271
9645
8348
9704
12755
5128
13415
12685
15425
15787
16938
18263
23917
5117
25084
15530
15362
7671
3625
4980
2542
3141
5903
1928
9288
11870
13464
1732
15511
1669
15323
12986
18965
3137
3958
6803
21110
511
2720
3788
2265
5870
5938
7521
8210
8221
5682
9768
10339
8125
11279
8428
13411
13547
13819
13866
14702
15339
15683
20277
22212
23907
24507
24559
21969
23654
25900
1640
2723
5006
7230
11997
5605
4484
4214
25792
2705
246
414
1274
1286
1960
2582
3163
3431
158
3775
3787
4355
4385
4420
4419
5265
5530
5556
5644
5900
5965
6260
7078
7227
7498
7652
8300
8625
9389
9419
9911
10341
10516
10684
11770
12840
12024
13549
13865
14289
15786
19326
19740
24847
26030
11638
27238
17968
5774
6042
12067
16713
195
2015
2082
2318
2416
3436
4892
7221
7575
14641
2657
26412
13584
690
1400
5215
5577
5526
8575
10182
11304
12481
15406
12910
16901
7070
129
17795
20434
17651
13173
24173
2458
6043
8848
16791
17009
17502
8357
2180
6834
10866
10133
12198
18274
3209
6424
430
4601
10046
3691
1268
1395
1508
2085
2305
11
4930
5654
5964
5979
6524
6893
8860
9147
10542
8150
11202
12021
12230
5764
17605
17613
18425
28156
12005
26348
7000
2046
14909
529
9641
11032
13117
14684
2522
17599
18014
18647
3595
2612
5169
11407
560
25087
3223
3615
1489
5092
1097
1239
1403
2383
7553
8635
8921
9024
9587
11023
11609
10869
2116
13985
14801
17964
18143
18632
19508
20730
7658
16376
24544
25737
26654
27205
25689
27865
15228
24010
4132
11886
149
9091
19506
1363
3338
3364
15865
4321
5200
1924
12741
16627
22362
13718
10925
3866
718
8390
8588
216
1196
1505
2154
3265
3681
5532
5668
2257
5334
6054
6161
4451
7318
9075
9470
9912
10740
12089
12492
12846
15645
15803
13276
11747
12463
18685
20875
21501
23155
18118
10593
25189
25280
25485
10888
26491
2938
3675
4934
4658
5656
8217
5108
8995
9699
10628
8901
13982
12878
3420
20244
21988
20062
20755
24371
25426
24505
1145
1747
415
745
1074
2132
2185
2603
2299
3390
3654
5008
5163
5810
6405
7293
7196
9092
9278
9303
9873
8127
11041
11253
11871
11934
7629
15341
16150
16399
17387
12428
16577
20545
22211
22928
23479
24067
23732
25746
25906
26691
24043
1581
1972
5289
11218
4973
566
4560
4413
15500
8342
1773
2899
3585
5107
5700
7496
10802
19342
12156
22135
6978
10282
108
2345
3279
4068
4101
5571
5683
4947
4597
10550
10823
12649
991
1937
13486
9171
18884
19858
21127
16899
5464
25152
8111
1768
1995
3222
6087
8142
11226
12642
19923
13321
17883
19352
5872
1776
14004
8754
9885
13171
25678
3238
16764
1607
19583
559
13461
258
2264
2429
1463
3538
4001
4600
7419
7935
7413
10029
10202
6818
11150
13768
13873
9525
12425
2651
20886
21210
21978
12689
18532
26300
27324
28266
901
5002
8799
10209
5052
13441
5745
15654
16297
16556
17674
3881
23872
26365
28337
15217
2782
5164
19116
1290
2712
5306
6685
16977
18330
1289
2306
4922
1678
2098
7278
13297
18303
1401
10939
6890
7344
3808
9605
17611
21185
454
1968
9518
10715
5461
5443
5557
7597
9120
10465
4964
9083
14558
11529
2711
1799
1958
2158
4356
4376
5374
7065
7528
7641
8545
5216
8685
9115
9496
10152
10991
11073
11228
11305
11710
13879
14510
12943
681
19691
20093
20419
20720
24561
15832
13864
21970
26671
28284
725
21840
23648
1321
1351
1841
2570
2918
4353
5370
5973
6468
7563
10169
9237
10664
13125
17510
2392
4753
12241
16560
818
1503
1621
2741
2920
3449
3167
4555
5489
7289
7725
8406
8827
8855
11036
11434
11631
8152
13414
13513
13907
11526
14162
7277
2217
18847
18912
18986
20533
21478
21505
21679
21681
22548
19751
24034
25858
3159
25403
22541
28324
1256
2304
8377
20726
4113
1757
10439
14466
377
514
737
2168
2852
3430
3672
3781
2836
5509
5913
6041
6547
7720
7722
7677
8400
9010
9029
9301
9306
9915
10174
11265
11463
13821
14576
15748
9715
16332
16909
15719
17388
17384
18022
4566
4230
19013
19389
18110
20599
23959
25174
25367
25388
25486
26036
24579
27031
5479
118
2768
14250
3888
10260
4032
5012
7530
8745
1906
10247
10808
12216
12803
14171
14795
11446
2039
28394
28537
2776
6459
8091
13192
15336
20230
13474
572
10654
3196
8408
9538
15398
9558
19487
27489
1744
2717
3225
7276
9600
15691
30075
54
2338
2805
3674
6273
6968
5705
10538
10629
11705
11174
14664
16144
14341
11307
20894
11010
26339
31168
7755
1867
8712
25495
7860
4991
8212
9624
15417
27005
1911
10878
5257
1898
5022
5447
6314
7655
8658
10273
11901
12268
13324
794
16879
26224
349
653
1060
1358
1715
3219
4433
5241
5684
5947
6171
6603
7132
8325
4373
8371
9497
11479
12333
13728
15320
3322
16607
9199
20557
8144
24595
10864
26174
1721
1862
3860
3993
20077
16566
1512
1830
2515
3153
6537
6579
8732
9471
10522
11481
13004
14982
11791
9855
25841
1956
6168
6892
6415
10716
19704
6976
9938
16777
8260
8905
21047
10527
290
1123
1346
1706
1790
2804
3438
947
5394
6185
6209
7080
9824
11604
12562
12933
13412
10121
13528
14618
15033
15364
15448
11166
10618
19376
18025
21477
9654
23441
9006
24135
3701
24525
25193
9783
3123
5159
5365
4651
2738
3561
3136
8510
8953
11959
10702
219
17223
18401
20006
27145
15623
28808
7757
24459
3442
2493
6911
12050
12857
293
301
1319
1568
2259
2599
6322
4448
7228
8942
9117
9515
9742
10958
11072
11132
8116
11677
12258
12373
12618
12832
13410
13500
12010
13927
15651
15776
16334
16335
15930
12532
20715
22718
22807
22853
23512
23661
24543
22408
25531
7445
8741
25942
10290
26308
23212
26899
10192
27237
26911
6533
9394
18942
15309
285
5003
5158
2258
5912
6060
7114
7531
7728
8897
9272
9274
2694
5658
2075
11248
4369
11614
11655
11662
12194
12968
13459
13595
13996
15713
15757
15761
16449
16811
5772
16902
17504
17563
133
19363
19448
830
12132
15827
21676
8771
22416
23672
23842
24394
25608
25226
26719
26195
20540
28034
27493
28433
28722
1531
2714
4790
5636
5664
3264
6612
15447
18032
3948
4244
4516
5175
6219
6562
8269
11004
11219
15075
15387
14445
20483
3884
837
16528
26817
18020
419
1153
1281
1644
4778
5357
7527
11103
12438
15854
1229
4015
3762
5036
28691
30092
11598
11608
11675
7594
2223
13895
28811
1625
257
452
2020
3252
704
4456
4457
4801
4896
4986
1524
5411
4218
6159
7921
8523
2838
5791
8890
9152
6133
9845
10778
185
13207
13287
11356
8151
14262
14509
15328
15956
17647
17662
16866
18438
4569
20027
19094
21541
17918
16247
9509
7338
9782
20411
1109
9522
10497
3468
7884
14278
5477
21081
750
10524
861
6249
10216
20335
3317
10237
10826
2199
4693
5393
6759
8456
8894
8924
9269
8113
6236
9959
9925
11837
13515
15064
7438
9208
10733
11388
15369
20687
23476
20641
2935
537
1061
2786
2808
2809
2693
3580
4328
4334
4449
4762
5596
1546
7798
386
7672
9661
9692
3813
10248
11003
10359
11443
11976
11089
5143
13417
15184
15919
15968
16198
16507
10495
7614
22653
11027
23694
25049
18616
25945
24344
5048
1408
3263
5375
7570
9097
4571
14433
18645
19385
9536
1023
1182
10325
2549
12820
11187
19224
3421
22580
2326
10940
3814
6672
17505
7981
13788
2583
13460
47
215
1119
1587
1884
3215
3687
3732
825
5014
5028
5084
6079
6994
6999
7009
7602
9327
8241
9086
10839
11042
6987
12295
541
12826
13249
13757
14366
14414
15393
4656
15886
12108
16973
19036
19470
20693
22476
23362
23680
23742
24127
23240
20796
25885
26360
24374
20920
3514
2076
7630
3739
6700
8755
11551
11868
12830
13222
6125
14541
15515
8255
16467
18624
18646
18648
12090
20598
6034
1560
2942
4150
8643
9603
12658
20305
2126
2616
6479
16007
28802
12106
261
1055
2320
2409
1541
2972
3198
3363
3786
4330
4944
5456
5582
5932
5943
5953
5954
6059
6196
6771
7089
7700
8538
2286
9067
9728
9914
10114
10449
399
11216
11234
11414
1385
12838
13325
13876
14654
15110
15741
15759
15768
16231
16801
13487
17019
17413
5692
18681
19034
19820
20148
20556
20938
21454
22013
22640
16968
23389
23687
24506
24591
1627
24852
25194
15831
25177
11563
25597
25633
25904
2558
26512
26528
27192
27583
25303
29365
1209
1331
1361
1602
2744
3103
7379
10090
13731
11814
1699
11185
31790
1945
3849
5570
6137
10299
1666
19405
11181
2630
270
524
758
1344
1639
1760
1835
2271
2413
2440
2451
3015
3544
4185
5019
5232
5345
5550
5880
6046
6337
6373
6664
6654
6824
2521
7158
6966
8666
8795
8822
8985
9065
9163
9299
9753
9868
10113
6446
10329
10559
10585
10615
11505
11553
11831
12266
12203
12507
4580
5716
12893
13011
13795
11011
14579
14605
14620
14706
14662
14823
15347
12853
15953
16062
16961
17345
17798
17242
18142
18196
18386
18396
18716
5481
19369
19727
4411
8272
20159
20852
20885
21221
7435
21668
5728
18108
23442
24175
24179
20613
25079
25156
15506
18264
26020
25038
25223
27575
17849
17935
21717
26599
26279
1601
6356
1521
10171
412
432
841
3184
2519
2760
4775
5190
5225
5251
6694
7007
7314
9005
11457
12229
13332
13538
13783
15060
7377
16619
17868
21467
21980
23859
25204
20950
29921
17747
20785
1261
1592
2285
3241
10896
14528
5105
12813
1421
1007
8904
2541
6865
7998
8038
863
8110
3472
10207
20391
5601
1525
1957
2892
3197
7176
8388
8851
9799
10798
11220
11554
12227
12501
11138
13209
6124
13480
15288
7608
6992
18697
19720
21711
23172
28653
27704
24408
9758
724
1373
204
2631
7567
7711
1681
11914
15913
16506
18850
27705
15723
1986
4186
5177
6145
6599
7074
12924
13185
13337
13674
13736
14325
1376
15815
1645
528
596
2426
3059
3276
4508
5331
5390
6110
6142
5704
7479
7075
9350
9431
10034
10186
10924
11213
6281
11951
12549
12598
12610
13919
14464
15371
16017
853
17093
17669
3324
19372
19803
11014
10477
16851
22409
22923
24599
23070
26718
13314
10965
22884
23113
29433
29689
7162
19002
2945
21126
21546
3726
4288
5250
6592
911
10899
14674
15438
17703
31013
15
1275
6755
11386
12115
23038
2613
580
675
720
1207
3133
6452
10412
10536
10912
26497
1964
1998
2485
3202
176
4507
6557
6580
6586
6917
7968
8226
9896
10018
10055
2245
11429
4338
11806
12740
13279
13465
13920
15004
15415
7006
15861
15834
15959
10218
16414
15325
12870
19264
19809
16644
10678
15543
21512
2301
21712
23812
11648
21395
25599
5733
28658
30955
17732
3671
4431
5226
7517
5132
8266
8620
9026
12222
12609
13572
17180
17962
18520
18577
4576
9537
18546
20637
21691
22069
22036
23546
25099
27233
5391
4296
4364
5396
16197
16554
12107
265
702
4511
6100
7494
8139
8498
9425
4133
11314
11778
12209
4664
19045
20934
21023
1280
1805
1889
7533
9248
10521
10525
10528
11107
11866
15163
3898
16983
20347
26202
16086
27346
1626
4545
17448
272
305
322
1071
1084
1144
1386
1638
3754
4387
3138
4499
4561
4721
5356
5417
2267
5458
6025
6092
6541
6718
6722
6777
5652
7091
7576
8105
8222
6615
8177
8301
8147
8458
8720
9255
9410
9568
5769
10043
10064
10462
10611
10954
11147
11642
11743
7271
12292
12190
13463
13877
4128
4646
14529
14794
6983
16454
16974
8989
9713
13677
18634
18715
11267
14867
4584
20684
20967
19248
21570
21992
22339
22514
22643
22795
23272
23374
23431
23443
23457
14346
24244
6748
13719
25077
25246
25795
26662
21287
27799
14502
28366
27972
31054
660
2349
1743
6500
10646
7753
3867
256
1068
2280
2407
2408
1432
2633
495
4432
4916
5558
5910
6554
6644
8171
8808
8898
8925
9277
9305
9294
9275
9403
10296
10460
10758
10845
11249
11630
11632
11665
11935
12020
7458
12806
12822
13241
13250
3158
6226
13758
13892
10119
13917
14196
14635
14728
14933
15168
15413
15521
5484
17427
13889
6896
17825
17921
4643
19231
19218
19563
5753
21139
22014
22106
23418
23645
20949
11346
9657
5817
24379
24386
22194
25170
25429
22848
16587
25947
25344
9168
25579
11524
10190
5333
27052
27108
27210
27212
27123
29797
5183
1701
2774
5295
3944
10898
14046
20333
3702
600
1226
1793
1977
2357
2839
2897
2916
3587
4424
4552
7095
5703
8402
2236
9681
9754
9769
10066
9098
11417
13569
13946
16453
16742
1720
16941
17530
17712
17801
18153
18698
18507
19258
19898
19905
20146
13351
21982
22412
22831
21799
25244
26219
21393
18971
9857
15616
27877
9396
12130
19516
3720
10578
11390
579
2830
4936
5197
6270
6529
9614
9683
10385
11719
11849
11190
16848
16090
17456
21966
4416
8418
5613
16555
19633
10893
8341
25255
17585
1149
1318
1746
3148
3950
4077
4408
4854
5919
6202
6237
6971
7291
7375
8202
1907
9488
2680
10183
3945
10539
11522
12061
12763
13329
13432
13436
14248
2871
4574
7877
18651
19269
11198
18946
21100
27849
23525
1125
1507
3711
6484
6441
6884
7337
8083
9520
12748
22225
3003
4503
6957
4415
9418
10668
10754
10930
12590
20373
22040
16853
23446
25353
1298
1348
2142
4405
4528
10903
10904
10917
15129
6072
353
1164
2507
2564
2707
2766
3829
4084
4090
4505
5595
5640
5855
6000
6104
698
3401
7273
7647
8306
8649
1891
9423
2274
10061
11034
11078
8716
13224
7624
13746
1383
15379
15472
15601
7480
16052
7688
10486
16509
16614
17147
17574
17582
17876
18097
19501
18545
14216
20551
16379
11268
18699
22919
25025
17035
26322
17438
9134
1687
1827
2273
8817
10406
10916
1511
10914
12485
5737
3066
23791
312
2561
9671
3613
4389
6094
6343
12964
20217
22937
383
1090
1482
1597
1713
2420
3050
3466
3963
4078
4241
4754
6456
7191
7555
8259
9018
1901
8448
12247
13524
15356
16775
16993
17168
17385
17788
17954
11515
15384
20698
20880
14323
25681
28670
2362
4343
10906
18587
20220
2600
2896
11088
20095
236
239
362
1636
1749
1759
1814
2427
2772
1658
3130
4310
4394
5366
5665
5925
5981
6027
6063
6096
6973
891
7543
7708
8043
8214
8572
8606
8637
870
9904
10074
10669
6423
11131
6807
11336
5794
11796
11792
11847
12693
13440
13448
13457
14412
14536
5303
14900
14208
15350
8430
15841
15932
16398
16431
16497
9089
10729
2218
17963
17985
18626
7424
5762
18849
18932
20033
20499
20588
21965
20649
25378
25596
25728
25954
16753
5814
23720
27322
30229
2097
9315
2111
4198
4525
7801
9424
9162
15026
11501
20293
17934
304
4506
5542
8236
9140
14800
15178
21463
1457
696
2947
4360
10897
10665
12868
12533
21667
5113
348
1087
1091
1515
1577
2334
2396
3032
3122
3648
3658
3802
4105
4498
4713
4929
389
5877
5944
5968
6028
6047
6084
6406
6825
6948
7300
8155
8314
8352
8417
8433
8695
8804
7687
4956
9313
9902
10089
10224
11244
11309
11777
5756
12517
12705
13296
13439
13764
13769
8431
14027
5600
14043
4642
14722
15034
15111
15306
15471
15738
15755
15820
15893
16539
16628
4623
16797
17423
17425
9714
17598
4669
18306
18366
12433
18631
18694
18983
19001
19397
9173
19912
20025
20207
20650
9365
20768
20848
20865
20910
21175
21382
22008
15994
22846
22970
10355
17648
18128
9108
15715
16122
24375
23649
24594
24869
25027
25068
25180
18166
13846
23333
25940
25061
25262
27100
27188
27354
30028
25901
12909
5480
3836
8734
17321
11311
315
327
1057
2068
715
2913
3126
3207
3956
4375
4912
882
5025
3769
5561
5465
5579
2853
5840
6234
6319
6320
6762
7115
7595
7702
8216
5671
8223
8611
8864
8940
9054
9153
9289
9295
3882
9667
9700
1552
11009
11199
1731
11338
7016
11596
11634
11938
12001
12378
5820
13288
13304
13726
13725
13850
11640
13945
14047
14174
2684
14705
14845
14898
14681
6940
11418
12752
13505
16949
14030
17518
17793
18095
12380
18734
18777
18994
19310
19394
17005
10887
19713
19714
14673
20544
20945
3820
21989
22114
22203
18417
22533
22551
22775
20651
22860
23211
23560
8998
3308
5307
21742
8774
24863
25221
25270
25323
25436
25775
22859
26442
26526
24854
20678
25924
26854
3474
27014
23748
5832
26878
27407
27488
27498
26523
27750
29678
25735
7745
31472
10796
1606
10581
15062
3846
5383
10199
12000
20424
244
1158
509
3176
2857
4292
4889
5074
5099
5803
5865
5998
6032
6506
7073
8317
8310
8547
8696
9142
9358
1527
8800
8801
9953
10275
5283
12764
11751
6451
13790
13980
14358
8880
15845
4960
14090
15149
17551
17645
17610
18970
20014
20045
21605
23660
20791
24170
24194
2650
6787
17107
20282
22901
31557
6851
15391
395
3685
3971
5228
5281
5977
6244
6538
6570
12734
14853
15287
16841
17725
26487
19668
28039
571
12011
7743
609
1151
1221
1785
2735
2936
2946
3048
3529
4393
6734
6870
6918
5786
9263
10417
10544
10891
11156
11998
13561
13594
17813
18172
18621
2547
20030
20287
15531
9596
2355
2937
2944
3807
10781
11097
14525
14683
16631
15724
19099
19733
17068
22053
27578
9592
5134
10407
2030
5976
6385
6115
10825
19483
28654
282
294
1228
1718
2312
2492
2637
2195
3008
3124
4197
4270
4501
937
4593
5360
5497
5905
5146
6396
6914
7690
8094
7416
8579
8609
8709
8765
8814
9608
10076
10269
10510
11308
11555
11715
12927
1938
12961
14638
14689
15095
15076
13814
15533
10255
10494
3647
16245
16816
17443
17561
17815
18383
18394
19068
20040
23153
12874
23354
10251
23852
21290
16045
20912
25571
24876
26775
22298
29436
29268
28755
2013
3642
6888
1214
7307
10907
2138
3316
3777
7803
13369
15386
15727
578
1037
4680
5969
7489
8061
980
18960
22726
21476
778
1416
1791
2435
2922
3521
4924
5068
5201
6410
7584
7746
7839
8600
9268
9874
10943
6887
11275
11317
6620
12677
12861
15522
16329
7039
17687
19018
21342
21543
22170
22766
23120
8359
13582
17652
27920
28523
1951
2164
4156
5041
6928
9280
9616
9620
10120
10434
14116
1653
17835
766
1391
3115
4153
4679
6247
6465
6945
5131
8410
3606
11350
13733
15106
17217
17578
14036
18867
19390
20393
26267
20288
29671
3543
6766
15887
3873
26333
27281
135
298
302
351
484
749
785
1140
1691
1752
1965
2329
2487
3367
3371
3389
3668
3782
3894
4046
5279
5387
5367
5886
5909
6003
6191
5676
6639
8225
8298
8398
8583
8960
9675
9942
10225
8659
10727
4234
11841
11843
12240
12633
3704
12888
13383
13601
13820
15084
15038
15058
15086
15123
15334
15488
15752
15833
16620
16677
14207
17760
17951
5725
18603
18614
18724
18718
12174
19058
8792
4632
19555
18181
11683
14211
21593
22474
22724
23628
23692
23867
24515
7454
16863
24857
5734
26237
9182
15345
27039
27335
7058
8631
27996
28092
23218
15365
6360
2107
3151
3301
3698
22039
3705
48
11022
75
6652
573
3432
3170
7140
8379
10911
22209
687
3295
628
2136
2431
390
2480
2742
3471
3665
3684
3723
3831
5040
5362
3221
5929
5972
6278
6925
6950
4210
7076
7136
6290
7577
7644
7918
8318
8299
6109
8612
8633
3382
8863
9051
9249
9665
9763
10030
10302
10630
10696
10709
10731
11829
11936
11941
12296
12334
12814
12912
13072
11628
13438
13761
13902
14383
14485
14602
14679
15073
15135
15271
15395
15405
15520
3310
15769
16356
16357
16550
16608
4952
13493
17112
15602
17159
17527
17558
17758
18564
18696
18832
9787
10735
19416
19429
19683
8657
19913
19914
20067
20088
20710
20838
20850
20864
20954
9213
661
21608
21983
22010
22222
11644
20792
23307
17789
23633
17854
23909
14568
24065
24252
13590
24494
24593
20855
24619
24842
24872
24977
25082
25281
25883
25949
25965
26056
17924
22163
26754
27466
23690
26861
2669
4060
4966
7327
10913
10918
11992
12855
15781
19758
18279
23607
11627
18016
38
46
97
226
34
536
582
1366
1390
1688
1739
1753
2378
2581
2593
2753
3533
3554
3568
3106
2731
3745
3833
4407
4513
4550
4714
4915
919
4992
5062
5065
5446
5534
5627
3161
5841
5878
6147
6170
6267
6268
6372
6593
6852
7447
7500
7943
8168
8118
8313
8401
8455
8466
8561
8445
2690
8760
8828
9037
9039
9047
9105
9146
9264
9287
9290
9298
9316
9296
9384
9505
6282
9684
6432
1723
10020
10132
10230
10233
4981
10753
10746
10960
11160
9975
5805
8656
11742
11800
11889
11880
11933
12060
12293
11121
12254
12193
12358
12473
12548
12594
12694
12704
12739
12865
12869
12871
12914
3890
13221
13273
13300
8364
13349
13433
13473
13667
13675
6965
14181
14238
4590
14643
6996
10331
14344
15318
15585
15600
15790
15818
15955
15969
16114
16129
16244
3853
14977
16915
16957
17408
17496
10366
13932
17819
17904
17615
14966
4127
809
12461
11799
16033
18901
18902
18958
18968
19043
15603
19408
19465
16229
19734
19794
19958
19214
20606
14737
20787
20827
20868
20896
17971
21378
3757
21427
21571
21656
21958
18611
22085
221
19801
22221
22648
22674
22582
18972
1649
5730
23474
23538
23675
9003
23962
16367
23982
17482
19319
10872
21300
24412
24526
24563
24587
24655
24673
24688
23523
25128
12913
15430
25203
25284
25317
25334
25399
25411
15658
25484
25534
25541
24355
25615
25709
25773
25884
25898
26111
26180
16768
