24110
24114
23225
12133
19648
24203
24205
13286
24211
2835
24302
24303
24304
24305
24306
24312
22709
24337
24323
24326
24338
24341
21743
11699
19286
23074
24429
24432
24435
24436
24437
24440
24442
24451
24452
24465
24470
24516
24542
24550
10766
14508
17151
1712
8909
24640
24683
24695
24736
24765
24778
24780
24781
24782
24783
24787
24791
24792
24797
24803
24806
24816
24825
23942
11532
16120
24861
16645
7752
24944
24950
22284
24964
24882
24915
24928
24938
24940
24945
24946
24952
24953
24968
24994
25013
25022
15809
25051
25057
25064
21400
25081
7473
25097
25100
25106
18891
20758
25125
25132
18112
25147
25159
25181
25185
8153
16663
25299
16315
21502
25360
24166
22591
25414
11690
25434
13837
25439
9798
25458
18848
20175
21815
20177
25490
25500
25549
23818
19026
19027
19029
25558
25564
25572
25589
25593
25630
25634
16248
25650
25653
25674
14231
25713
15949
9988
23044
25759
24286
17014
25797
20178
25804
25813
25817
25830
25833
25861
25878
25912
19393
25918
25922
25931
25966
25980
26001
19371
19244
26010
19894
26029
26045
14743
26060
14037
22976
26092
22778
15624
26143
15711
26155
26201
26204
22197
24680
26212
26220
26226
12746
26230
12710
23013
26269
26272
26283
26292
3865
26311
22868
19785
26368
25763
26386
4464
19254
12119
19969
26479
26476
23701
24492
23250
26539
6388
6389
25365
26590
26587
26641
19660
24315
26690
26693
26698
6985
26567
26717
12412
26759
18421
3939
26420
3912
3909
14762
14767
23245
24262
26852
26864
16222
14187
15507
26903
26907
26976
26984
26957
26958
26959
26969
26979
26980
26982
25488
26999
27001
19937
27021
27038
26650
25256
27121
27173
27176
8593
956
24504
21470
27169
27265
20913
27307
18480
27312
26385
21526
25431
10870
27351
15313
23255
11137
24548
23327
10609
26146
27394
21061
27091
27423
27269
27429
27443
27447
16808
27464
14003
16918
4205
12683
27227
26443
26421
27525
27537
6788
26260
25768
27579
27582
20735
27595
16585
27614
27623
27622
27629
5508
27630
27636
27101
27621
27494
26566
13944
19577
14992
23676
27679
27685
27686
27689
27597
27729
27734
27737
27739
27742
27756
27759
27761
20162
27591
27769
27770
27780
15223
27805
27815
27816
27847
26473
27863
7841
28009
10371
18124
14446
18104
16123
28032
551
28063
27196
28085
21953
11189
28160
28166
19490
22292
20306
28155
28219
28220
28221
28222
28240
28246
28251
28254
28256
28257
28259
12970
22303
28275
28277
28278
28285
28287
26075
28288
28298
5284
28308
14222
27155
24483
22161
28346
28347
28349
14633
15529
15548
28360
11324
28365
22940
28094
2523
25391
25767
28381
28382
23154
26074
28400
28405
28409
210
17665
27808
23351
24533
23254
23151
2855
11924
26132
5736
28452
28370
20238
26035
28461
28466
28468
28470
28471
28484
28487
28488
28483
880
26165
11090
23348
7818
23188
28558
28536
28543
28549
28555
28556
28570
28576
28578
28571
8837
23288
11826
4204
9399
28069
22308
28594
28595
28597
612
22844
28081
17757
28441
28603
28604
27398
26381
24046
28621
28628
19098
28644
28662
28676
28685
26369
28695
28697
27341
25824
23339
23344
27497
28376
10745
17895
23681
28716
26795
27957
28742
28733
17103
9021
27820
27079
9372
6601
26894
14343
28792
1657
27696
25461
23292
28389
27418
24534
10212
28813
26492
6560
28279
18670
28829
28833
28843
12529
19673
21319
28852
28887
24883
21816
28900
28893
28903
28906
23757
24417
28925
28932
28934
23714
28938
28948
28953
28955
28954
28969
7747
7808
28940
29008
29022
29023
29047
29048
29066
22721
29094
28962
17267
29121
29123
29128
29130
29136
29139
29151
29156
29166
29172
29173
29175
29184
29192
29203
29205
29211
23754
22296
29246
29247
17711
29252
29254
29262
7799
27892
29286
29292
29297
28642
28885
29324
29327
29329
29333
29336
29337
29339
29341
7889
29349
24287
29361
28129
29377
20283
27946
29401
29403
29412
29413
29414
29415
28993
27964
29425
29426
29434
12980
29438
29070
29458
29370
27885
29423
29464
29469
29470
27948
29480
29481
29484
27876
29500
29515
29516
29518
29551
29544
29545
29552
29574
29578
29579
29582
29583
29584
29587
29588
29589
29595
29601
29602
29622
29624
29626
29645
29644
29688
29691
29692
28886
29719
29723
24721
29745
29746
28140
29703
29774
29054
29780
29781
29788
29799
29801
29806
29817
29820
29847
29848
29851
29856
7867
17706
14639
14873
29860
26124
25651
24556
29863
26897
27809
29868
7010
29871
26183
7059
15518
29875
29869
29876
28098
23002
29886
26505
26242
9002
29891
25955
23978
25956
26580
29904
29902
15940
26346
28769
29933
12543
29938
3940
23635
29962
29956
29957
28528
27379
7824
29985
29993
29997
30008
24894
30021
23750
30033
30036
30051
30056
30058
7756
30062
29381
30070
29631
29285
7783
30086
28526
30105
30109
30110
30113
30115
30131
30133
28212
24726
23760
29629
28115
30169
30171
30218
30225
30228
30231
30233
30237
30240
30244
30256
25216
13018
29442
30257
21749
30263
30268
30270
30281
30285
30288
28481
30311
7821
24899
30320
30326
30338
30339
22660
17289
30348
30358
30364
30369
30373
22288
30404
28728
30402
30417
30418
30419
30420
30423
30355
30372
29355
29924
30444
30447
30448
22326
28961
30458
30465
29825
30484
30485
29733
30492
30493
29640
17291
19499
30503
30504
30508
30509
30519
30522
22606
24718
24989
30564
30589
30044
28128
30561
30562
30577
30578
30579
20343
29491
30598
28678
30616
30611
29954
30624
30632
19503
14468
16211
24256
25173
30638
26786
25852
30643
24584
17434
20783
27280
27046
2524
28710
25525
22238
30652
28377
26326
30659
30661
30663
29343
28506
25994
24712
30672
30674
17889
17908
19655
30677
22109
30683
9020
9165
28119
30687
30690
30695
29563
14947
30722
30723
27917
30716
30719
30733
30735
30736
30738
30748
30749
30751
25644
30767
30770
30773
26434
24272
27479
30776
30272
29179
30791
154
22913
30800
26051
8470
17125
30804
30805
18479
27273
17806
30808
30812
30814
22321
26647
30815
28508
16559
3413
28439
30822
26583
28608
30826
30829
30834
30835
27928
20360
30839
17070
24005
21753
29790
30863
30078
30879
30886
30889
30496
29756
30897
23619
22880
20120
30916
26066
27308
29977
27834
30706
27842
30934
23943
30939
30941
30943
30951
30958
30959
30964
30969
30852
30974
30979
30980
30981
30622
29089
29304
30986
30988
30991
30998
19505
30047
31008
24704
31012
31018
31024
31025
31026
31023
22312
31037
23573
31063
31067
31078
23165
28761
20794
27848
16163
28283
23051
2730
27678
30853
30754
17991
31094
15225
5473
26103
28318
27070
28372
31108
29479
21804
31109
6556
17709
31112
31117
31120
11643
5726
31127
31130
31133
31144
31145
29313
29889
31150
27589
29188
23103
22315
28616
31166
31173
27755
21333
30397
31178
31179
7899
31183
30453
28863
8587
28078
31190
31195
31196
5309
31200
31202
27875
31208
29560
31210
31216
26917
29879
23497
22879
24318
24319
31234
31237
31241
28690
23535
31243
31248
29694
31121
29917
28916
29887
31263
31264
31266
31267
31268
23625
31041
29526
29015
30995
31276
31254
21719
31278
26758
24706
31284
30532
29785
31286
31287
31288
31298
14008
30911
7813
31307
31312
19109
30424
31322
30352
31332
29298
29981
22328
24897
31342
2538
31011
31355
31360
31362
28800
25827
26923
31367
31366
31251
22277
28868
31377
30982
29502
31384
29972
31390
31398
30870
29380
28121
28112
18552
31418
29555
29299
30534
31427
31438
31442
31446
31454
31455
30602
30597
31460
30641
19964
28109
31476
31477
31484
31486
31487
30323
31500
31501
31502
31503
31504
31473
31134
29639
31506
19104
31510
31514
31515
23001
17704
30656
31524
26932
26936
17275
30531
31533
31534
31538
20124
31542
31541
18533
27452
30917
27191
27916
26683
31553
31554
31555
31559
31563
31564
31565
31566
29503
29117
31082
28478
24578
31569
31471
28073
30633
29055
15685
28388
24045
31496
29606
30126
31578
27883
30671
31582
29657
27721
31596
31597
29836
31606
31608
30520
30555
31610
20318
31616
31619
31620
31621
24008
31623
31624
22289
31631
31638
31648
31291
23534
29225
12978
23530
31656
30861
31664
29391
31669
31670
30089
20331
19106
31683
29495
31684
31693
31694
31698
31700
31699
31701
31415
24895
26486
26041
31372
31712
31676
31713
31711
30606
28198
28208
31586
20074
29312
7843
31525
31719
31170
31570
30328
27813
30913
22891
31742
22896
22903
31740
31741
30342
31755
31756
31759
31760
31761
31762
31763
31765
31767
31758
30535
29295
31425
29834
31689
31099
17276
29983
31526
29536
31748
31770
31772
31774
31777
24909
31365
31785
31674
31789
31796
20311
22720
7870
6552
6404
602
2494
4195
4298
8892
10741
20131
20742
15429
28040
25076
15098
506
2671
3160
3748
4179
4280
4226
7874
9262
10110
10692
11363
11456
11785
11890
12437
12615
12864
13327
13754
14138
14255
15049
16105
15588
6799
12048
17783
18051
18921
19141
10400
19998
20138
16092
21271
17037
19105
22435
22299
22814
24026
20979
17644
17577
26304
3874
25345
26538
27411
7890
29378
24891
31685
3439
4522
9685
10227
13777
15031
18246
10816
26825
27240
20174
19388
7371
13496
7370
8876
55
13533
4731
16475
10201
22509
26301
15092
1646
20897
1201
846
3798
2112
4773
5042
7750
7759
8008
8263
10430
11108
13131
13602
13654
13796
11892
4606
17162
17163
19268
19554
10332
7871
20636
22651
22779
23806
13501
27921
28367
28491
28618
29311
23762
545
360
409
589
599
659
1096
1219
1813
1878
2026
2311
2740
2829
2831
2949
3336
3633
3735
3994
4253
4791
4833
4834
4867
6089
6471
6774
6853
6921
7223
7244
7270
7311
7312
7926
8020
8033
8063
8164
178
8439
8556
8701
8714
8934
8943
9154
9584
9801
10044
10010
10031
10104
10413
10440
10509
10582
10929
11257
11539
11754
11839
11904
11960
12051
12211
12235
12236
12282
12491
12513
12553
13191
9716
13622
13668
13637
13714
13995
14064
14121
14139
14254
9732
14265
14284
14311
14394
150
14610
12386
15011
15016
15039
13372
15403
15465
15473
15698
15874
16054
16056
16077
15182
16288
12175
16420
16489
16499
16687
9363
16834
16858
16889
12442
12445
9452
12542
17309
17417
17540
17580
17591
11816
17682
17859
17870
17893
3239
17910
18018
18092
18184
18229
4635
15622
9997
16295
18403
18407
18451
18432
13174
18886
18924
18937
16164
19147
9376
19280
19410
19532
19547
19569
6420
18530
19763
19776
19841
19886
19993
20004
20082
2965
8492
20130
17751
20400
20402
20429
20446
1494
17174
14501
2205
10639
21044
21063
21138
9175
21216
21344
21404
21773
21850
21892
21893
21844
22056
22123
22174
22331
22399
22468
22523
18281
22723
13228
22763
15451
8480
9183
23089
23092
23157
7421
16594
23384
23470
17976
23548
23590
23598
23016
23666
6684
20581
23774
23843
23969
20542
15499
24092
24363
24425
24586
24692
24775
24813
12721
24949
25007
25139
25168
17104
4657
25377
12185
25441
25457
22693
16567
23921
19833
25729
25750
18114
25834
24258
17929
25888
25889
25973
26007
18121
26227
14233
26309
16213
19320
26388
26396
23293
7446
26636
17856
25975
26728
26784
26790
3916
26876
26909
27113
14440
22198
27161
15824
27385
22688
27445
15621
21553
27601
6117
25621
27674
25806
27718
27738
27675
22799
26072
26680
27845
26831
28180
22293
9706
27645
28344
27872
18538
11805
26094
22661
27219
27413
28744
22460
29005
29148
29206
29222
29276
29291
21793
29462
29501
29585
29615
29661
29667
29530
29742
29883
28902
29971
29713
24715
30063
30156
14088
30027
30150
30151
30217
30128
19507
22452
23100
30300
30365
30035
30576
30592
29637
30882
30883
31046
31194
23312
31447
31531
19373
9944
8872
22800
25202
22323
8711
1335
291
5024
10926
11462
12302
12305
12284
2779
12850
13303
13981
14296
17900
18193
15169
20617
20798
21943
12687
23697
23776
6745
26318
26373
19365
28451
29209
27950
21612
13451
1203
15014
7008
10197
11835
14242
8182
14540
8566
4022
12641
14226
5457
16408
19602
21245
19347
27785
28806
7598
2546
121
763
1050
1237
1826
2028
2924
885
3024
3368
3424
3446
4159
4430
4757
4759
4765
4770
4771
5997
6153
6346
7349
8829
8991
9342
1942
9388
9476
9588
9820
9947
10141
10165
10236
11059
11392
11475
11594
11882
12054
12075
12482
12678
9540
1921
13095
13114
13334
13672
13636
9104
2874
13940
14136
14151
3879
14471
15029
15030
15176
15185
15510
15669
15743
15898
15891
5718
16330
16418
12310
16361
16675
16806
16832
17120
17233
17656
17873
17911
6984
10002
18320
18402
14463
18863
18954
18963
18992
5635
19278
19322
19515
19546
19608
18792
19748
19867
11488
20298
20809
20818
20889
15002
21120
21112
21161
21244
21255
21263
21276
21283
21391
11874
9184
3046
21592
16482
21714
8742
21790
21923
22169
22235
22269
22376
16372
23076
1702
23408
13999
23555
23822
15586
23881
19423
24086
11896
24240
24268
24322
15374
18975
24905
25034
25078
25375
25420
19813
25842
12100
25875
26118
26335
26405
3925
25765
20060
22508
15911
23789
26574
26594
26643
26732
27103
27119
26830
6604
27405
27561
24406
6301
27757
21704
27787
25611
27858
27980
27992
27999
28087
20332
28134
28505
23028
21468
29283
28116
29496
28519
26615
30094
30018
25968
30790
30854
28480
26584
31141
29965
31576
28679
7360
5300
20266
19587
3373
6742
6831
7628
8010
8908
6445
11991
12239
13599
16240
17018
18712
21060
23106
23927
8787
25915
30334
30096
16386
19236
24186
21231
13495
14337
22546
15915
5987
9111
14667
15045
3503
5459
16826
16873
930
21657
2153
14675
4316
26222
15085
374
1114
1202
2279
4268
4400
4832
4877
5095
5205
5240
5267
5434
5439
3067
3270
6726
7175
7108
7147
7509
7605
7800
9078
10012
10512
11002
11062
11080
12593
12966
13105
13119
13536
13566
13603
13657
4231
12118
14063
151
14538
14789
15053
13782
15117
15461
16465
16487
16500
16508
16501
16565
16721
7604
17050
17164
17886
18049
18189
4641
18313
18465
18581
19167
19279
19528
19932
20404
20603
16190
21119
21254
21268
18415
21878
21976
22060
20176
22171
22429
22758
21452
23279
23303
23770
23929
17827
25092
18789
14073
25435
25433
10482
25874
16486
26713
26780
26862
18890
26788
15663
26129
23305
15509
28050
21233
24004
26411
27095
25437
29078
29234
29114
29905
29920
30251
30309
28723
30202
30756
31070
27931
1996
4317
14462
14857
21223
23009
24880
12339
18592
3562
13857
22776
25257
17933
6878
17010
24761
19696
337
587
1095
1641
1642
1802
2027
2001
2709
3228
3327
3643
4007
4144
4181
4187
4318
4737
4839
4874
4876
5035
5119
6517
6585
6833
7205
7353
7772
7914
7996
8029
8035
8047
8050
8053
8071
8096
2296
8391
8367
8704
8671
8856
9045
9375
9379
9506
9761
190
10033
10148
10266
10612
10650
10815
10948
10979
11005
8596
11215
11409
11557
11599
11660
11725
11783
11846
11903
11961
11993
11995
10378
12058
12274
12214
12223
12493
12520
12623
12670
12900
13015
13029
13046
13047
13064
13070
13118
13122
13140
13142
13143
13146
13246
13643
13625
8791
13784
13875
13915
13955
13952
13992
14025
14129
14155
14204
14243
14490
13804
14848
14799
14940
15022
15236
2099
15575
15689
14739
3461
15878
15983
16003
16005
16083
16133
16038
16419
16448
16976
16995
16997
17020
17054
17167
17182
17185
17351
17366
17296
17311
17316
17326
17344
17346
17356
17362
17374
14582
17545
17719
17727
17721
17784
17803
17816
995
17865
17897
18165
18236
15619
18377
18404
18412
18461
18467
18463
18518
18598
18607
17649
18763
18823
18864
18964
19037
11186
19125
19134
19178
19189
13798
19273
19303
19317
19323
19403
19449
19454
19478
19482
14580
19596
19636
15174
13223
19774
19885
19888
19996
20001
20010
19285
2956
20137
1665
20224
18106
14573
20263
20466
20467
20570
9456
20609
20619
20665
20670
20688
20700
20208
17978
13936
20806
20927
20942
10637
21043
21056
21067
21135
21113
21183
21184
21198
21240
21262
12165
21332
21355
21360
21579
21581
21582
21636
21637
21649
21660
21700
21705
19081
19089
21752
21772
21819
21821
21822
21826
21841
21873
21891
21895
21896
21910
21918
22054
22066
22020
21619
22127
22130
22154
20116
22155
22153
22128
22182
22185
22260
22267
7761
22372
22385
22386
22400
22342
22344
22396
22466
22471
22475
22481
22492
22482
22484
22564
22571
22579
7613
22262
22599
17003
12998
22667
22676
22683
19504
22713
22771
12168
22889
23006
23021
19108
23080
23085
23086
23087
23095
23137
23161
23243
16023
23276
23326
23323
23365
21720
23415
14874
18370
4135
15644
23501
23520
22498
12690
23540
23545
23562
22304
23605
17621
23626
23688
23717
19488
23780
23829
17678
23848
23866
23876
23894
16226
9969
23945
18489
14764
21040
24083
24087
24118
24153
16316
24220
24227
24230
24237
21951
21310
24284
24299
24300
24308
23036
24327
24330
24348
5679
24400
19288
24398
24399
24434
24466
24468
24474
13589
24501
24510
24520
24547
24566
24613
24259
3499
12144
24747
24749
24760
24770
24772
24777
24779
24788
24789
24815
21781
10566
24840
24942
12982
7892
24965
21817
24916
24920
24923
24925
24941
24951
24958
24975
25016
20075
25109
25154
25165
13840
25288
15519
25088
23844
25460
11136
25503
22187
25482
25673
25697
4117
24121
25742
25748
20957
25786
23150
25818
17707
25853
23599
24523
24617
26047
14033
26153
26191
14347
26208
21228
26255
26265
26281
7657
14210
19589
15999
26341
22497
19052
16490
25717
26527
26529
21682
22032
25566
4120
26657
26658
26677
24208
25150
26688
26684
26686
26687
26721
24833
26147
13350
9872
19954
17124
26823
26827
8109
26873
11262
26975
26965
26974
26989
26992
17274
11928
23845
27017
27018
27051
27065
27067
27122
10487
16877
27154
27048
26783
26803
27244
12037
24484
16758
27282
23217
18949
26379
27382
27387
27092
27350
27459
27483
27496
27521
15618
27564
27568
27580
13490
15171
27624
15912
3490
27096
27672
25551
18427
16969
27396
12750
10590
18426
27727
27728
27732
27781
22327
15212
26859
27415
171
15483
27835
21037
27866
27463
27987
27989
27991
27997
28015
28029
21515
28053
22951
16189
17397
27821
27838
26474
28057
28161
28172
28176
28187
28189
20284
20307
20374
28120
28143
28154
28158
28223
28224
28225
28230
28255
28265
28270
27128
21379
13912
27268
15717
20644
28350
25178
20590
15696
25384
12007
28406
24839
28413
28033
27607
27416
27338
28144
28473
28497
16562
28501
28540
28559
28577
5249
28600
14733
23980
28622
19484
28649
28650
28656
28686
28703
12123
28097
25716
28747
28751
28748
25557
28787
17746
13738
28067
28799
15869
28801
28807
28809
28817
28825
28828
22319
28839
28860
28878
28879
24215
22278
7817
27969
28952
28984
20302
29010
29024
29039
28533
7900
29082
29087
29104
29110
29118
29124
29133
29152
29154
29157
29167
29168
29182
29183
29242
29258
29263
7848
29274
24699
29288
22440
29320
29330
27936
29348
29354
29351
29375
29385
29408
29411
27890
29395
27895
29457
29468
29475
28965
29517
29539
29549
29580
29592
29599
28525
29617
29646
29650
29683
29696
29695
29741
29751
29754
29752
19086
29767
28205
29773
29778
29796
29808
28883
29251
29832
29838
15884
25382
26600
13579
27279
29872
28071
5320
29888
18492
28610
13305
29918
20353
19498
29760
28635
29943
29950
29951
29967
29968
29988
29992
29996
30001
30003
30004
30002
30010
30041
30055
30069
30087
30114
30149
23320
29670
30167
30186
30226
30239
30248
30249
13013
20355
30206
30284
27968
30286
30305
13002
27016
28511
30345
30368
30360
29215
30391
27774
30384
7869
30398
22604
24889
28964
30451
30459
29769
30483
27926
30489
30491
30507
30525
22280
30553
29783
30570
23751
29978
30200
30209
22286
30563
30573
30590
28122
28151
27565
28316
30648
27179
29315
30653
30657
7475
29939
24039
30681
30684
30688
30691
29271
7618
30669
30709
24037
30527
30752
30644
28307
30760
24271
30775
30778
30792
30655
29926
30797
27896
30376
30026
29529
14914
9640
22659
19290
30830
30847
30871
30884
30888
27833
30878
30907
8476
21076
21077
30933
30379
7897
18473
30938
28689
30608
30960
30956
30962
30972
30984
30985
30741
30679
30536
31003
31009
20320
31022
30900
31055
31056
29793
31058
31072
31071
27942
31095
31103
1726
31111
31113
26595
31161
31169
31167
31176
29506
31191
31204
26023
31242
24986
7836
20336
30331
31294
30700
20356
23620
31339
30100
31348
31352
31353
31356
29554
31171
30184
31370
31259
30030
30029
31413
31424
31434
31439
30702
31448
31459
31151
31466
31465
30989
31469
28640
31479
21788
31523
22302
27900
22996
31551
31556
31561
31567
31580
31592
21794
31612
31106
31615
31647
30271
21761
31665
30862
31400
31681
31695
31696
24703
31349
30204
29522
31749
31764
22317
22995
24898
28106
31778
31783
13237
10127
119
9340
11349
17156
6675
10671
16274
22003
15344
1141
1445
2597
2662
3996
4362
6536
3760
6645
6761
6861
8812
9939
9949
11148
11629
6880
11994
12636
11876
4617
15063
16474
17722
18959
19541
19911
21029
21105
21365
21088
22226
15620
22820
17389
24652
24874
25533
25542
14189
9397
26382
27560
26031
12170
20147
28668
28698
28754
30042
30481
31271
11320
5562
13492
16241
20513
21584
18478
28320
117
24558
6804
17800
16478
723
1108
2910
3277
3908
4519
5625
9169
6898
10951
11760
12785
14786
15310
12180
17039
18535
21101
21308
23134
23169
23115
25144
26171
28000
25829
12637
4023
6539
19601
6815
1200
2816
4177
4266
6035
7290
7596
2691
10410
12782
13312
13462
14316
15858
16785
18345
18955
21389
27198
29389
6637
6118
137
267
341
1019
1040
1085
1250
2024
2365
2621
2666
3427
3558
4199
4262
4836
4842
4849
4933
6052
6172
6304
6702
6708
6712
6773
6916
7142
3709
8059
7924
7951
7994
8000
8004
7973
8512
1468
9059
9920
10008
10050
10082
3927
3931
10162
10167
10310
10322
10507
10613
5697
11154
11212
11497
11500
11964
1488
12325
12793
12907
12979
13053
13065
13087
13106
13543
14060
14127
14146
14145
153
156
6876
14650
14863
14821
14797
14897
14925
14943
15051
15009
15052
15116
15155
13741
15469
3863
6386
13780
15928
15965
15987
15193
16082
16156
16166
16260
16416
16495
13564
16646
16774
16793
15980
16965
16996
17053
17081
17281
17320
17350
12143
17629
17730
17771
17772
15140
17253
17914
8718
18078
18135
18207
18219
18253
18275
18006
18498
10721
540
18653
18719
18034
18856
18997
17841
19124
19168
9205
14053
19474
19536
19549
19550
19755
19775
18182
19838
19994
20008
16364
7033
7035
20172
20183
20261
20291
20482
20502
20579
20646
20667
20669
16807
20737
8661
20677
18643
11925
21136
21111
21116
21143
21191
20211
21277
21343
21345
18177
21444
21439
21532
14001
11177
21868
21935
21814
21820
21853
22132
22144
22147
22045
22190
22234
13716
16569
22384
22403
21225
21236
9991
22566
22617
22652
22668
22745
22789
22915
22917
22887
23018
23023
23094
23131
23209
23239
22936
23318
23317
23419
23459
23473
3174
23542
22942
23677
23718
23733
6129
21763
23828
23951
24020
18472
13673
24210
24223
24236
22998
24249
6935
24334
24328
24329
24428
14330
10488
24653
24752
24755
24764
24766
24793
22309
24843
9534
24873
22282
24906
24967
24976
24999
25017
25020
15947
17837
17839
20234
25191
6697
22186
25356
25395
16228
25423
25442
22737
23468
22728
25631
25640
25721
25734
19852
23043
25756
25807
24708
25860
17756
13168
18414
26028
26039
26058
20186
26069
15733
17250
12747
26246
26273
22624
22117
26354
25297
6986
26397
13553
26484
26509
18416
22172
26589
10250
26681
23498
25550
11391
3323
26928
26949
17273
25328
15870
27020
27041
27076
27089
27137
18785
27174
19585
16673
20021
4126
3921
18560
15829
15609
26293
27391
21791
26735
27207
11895
27477
26517
13574
15909
27668
27670
27258
27662
27744
11232
23795
12112
28002
28010
28013
26493
19835
28056
26113
28164
28216
28218
28236
28249
28258
24177
18655
17049
28361
27183
27903
211
25544
27794
21726
21729
28472
28458
24707
28542
28655
28673
28669
28681
28706
26096
10876
2842
26501
23438
28861
28534
28520
29004
29125
29150
29191
29194
27897
29244
28915
29293
29309
29332
29346
28732
29407
29409
29431
29435
29454
29463
29534
28214
29674
28510
29725
29740
29758
28891
28209
29812
29841
29850
20319
26205
25261
25662
18113
7621
7610
29907
28518
29986
30007
30015
30016
30019
30059
30081
22300
30177
28512
24728
30222
30261
30262
29116
30276
30291
30299
30344
30349
30386
30394
29099
30463
30490
30502
30314
21322
30550
24420
30615
30649
30662
30680
30689
30698
7787
28763
19965
20654
28633
30824
17279
30873
17464
30924
19674
30717
30965
30971
31000
31010
31030
31087
30877
29074
29929
27709
31280
31310
27913
28113
31378
31381
31396
31229
31480
31483
17282
31389
31337
30753
31590
31626
31637
24731
31672
31738
31791
3481
14825
10749
22257
7831
5983
11439
15048
16840
15010
15222
4080
1428
3470
17139
20345
27399
7325
19715
16699
14562
17058
18991
21599
15444
27550
4016
8290
14680
16696
645
1142
2010
1980
2833
2901
4167
4275
4729
4772
4866
4878
4905
4751
5442
5897
6703
7749
7972
8018
8513
9069
9491
9806
2795
10164
4614
10850
11001
11285
3928
11620
11765
4463
13093
13394
13512
13644
13709
13905
13973
14029
5744
14066
14133
14188
14328
14387
14812
14815
15258
15608
2778
15687
15779
16179
16234
16262
6740
16443
4665
16623
6889
16743
16744
16819
16884
17369
17373
8475
12182
17734
17738
17762
12309
18094
7883
16100
18298
18375
18637
18772
957
19295
19297
19603
15963
19849
18966
19293
20133
6390
13010
20441
20516
19799
20604
14350
20836
20837
20893
20902
20930
21010
9178
9179
21242
21257
21314
17843
21577
21464
21632
21677
21852
21862
21877
21915
21833
21048
22102
22142
22027
10632
22232
22266
22341
22348
22363
22367
22438
21549
22578
22593
22594
17251
22825
12177
12178
23022
19080
23138
22708
23266
23274
23282
23394
20232
23564
23669
23825
23873
23880
23905
24232
24239
24342
24496
13910
24623
24756
24811
24835
24864
22301
24992
24991
22629
25141
25155
25252
25316
25332
25336
24554
20860
25592
25647
21429
25745
21488
18559
26154
3475
19952
25969
22051
11486
20187
16575
14690
5055
20757
25230
17811
26954
4603
27023
27148
27158
27130
13573
23749
27383
8249
26321
188
5520
27252
27646
20711
27669
16373
27177
14438
20084
27733
26614
27763
26619
28170
28268
18295
26884
28378
28426
28492
28539
28546
28598
10726
27954
28758
28771
25215
23764
29003
29040
17293
29275
29427
29416
27889
28849
28664
29906
28789
29970
30132
30143
29710
30175
30230
30258
29494
28821
30307
13005
30427
30612
30514
30703
30761
30817
30827
28215
30201
17288
31131
30333
29214
31340
27719
31394
21747
31507
23584
31646
4829
5274
6614
14260
17619
20049
2443
17080
27768
1459
17415
19915
16021
12945
26995
800
932
1908
4182
4267
985
7145
9834
4206
10198
10586
3593
5336
8361
11559
12261
12326
12397
12477
12545
12860
13650
14130
14142
14256
14520
14862
14942
15189
15401
15868
15933
16020
16102
16103
16170
16265
16728
16746
17087
17550
17716
17774
18231
18312
18334
18440
18969
19148
19169
19185
4216
19524
19866
20313
20498
20664
19360
20820
18174
11379
21326
21648
22062
22063
21091
22129
22236
22371
18278
22515
22568
21715
22710
170
22959
23010
23081
23319
21423
23554
23558
23622
22159
2529
17178
7274
24569
24821
24974
25190
25417
12569
25707
7693
21547
26018
11485
26640
26653
20858
26896
26968
27078
5120
26107
27266
26502
27359
27388
15412
22985
27736
16176
15375
10683
23242
28105
27206
28321
20594
28462
28566
28599
17749
28720
22623
28605
12988
29037
29174
28639
28392
29509
29525
29532
29627
29296
29843
26410
28020
29819
24735
30122
30183
30895
28985
31119
22306
31779
2552
4063
2071
16008
3812
17807
15018
19367
10800
563
1036
1806
2445
2660
2932
4269
4803
4886
5619
6056
4450
8078
9573
10554
11217
11294
11673
12208
14293
14336
14894
15054
15108
15114
17082
16669
17994
18208
18217
18333
3855
18914
19277
19281
19545
19698
20007
20503
21199
20734
22126
22380
22962
23541
23807
23826
23922
24277
24292
24382
128
24956
25000
23919
25343
25506
14989
25537
25554
25576
7404
25868
25989
970
26401
25580
13687
21142
5460
27754
24540
27901
27995
28227
28434
7845
29410
29611
29699
28141
30162
30235
30909
31186
29608
3361
5624
14531
5261
18039
20127
19354
26475
1811
1881
3357
606
3652
4148
4169
5438
5731
8330
4440
9837
10836
10857
11671
11775
4472
12515
12812
13042
3906
4984
13568
15329
931
12113
17404
16300
18495
14869
19407
20529
7261
21009
21623
21876
22052
22704
22939
23055
23355
23472
16852
24050
24231
25121
25368
25770
26514
19959
27116
27386
27435
27549
27559
28325
7195
10571
21718
24038
28296
29049
7853
30818
30371
6403
3065
10206
1751
3722
4188
6412
8707
2526
10177
10240
5273
12949
13073
13541
13656
5236
9977
13847
12173
12877
19187
19526
20136
21418
10210
22175
13263
23804
24571
25120
25175
25320
26477
26729
15211
27202
27457
26919
7025
22451
29388
28117
2065
23723
436
4178
10921
11224
11654
12622
14062
14776
15019
11929
16618
16670
19943
25944
26372
26941
19049
14771
29034
29109
29800
21613
11074
12918
13452
17685
20815
21434
23364
25505
26223
24996
18542
20165
27437
4097
29045
6817
1685
4103
6395
11371
9226
13195
14889
15067
18342
18766
27990
28463
30799
649
11096
5437
5691
14967
17403
25914
1013
693
5176
7241
8923
9610
12307
23192
26055
5419
6885
16656
27115
5317
9633
22044
13801
20631
30346
1868
12639
20627
3098
15050
5673
17158
15681
4783
27700
3871
27551
19040
103
405
501
728
1118
1632
1880
2023
2044
2066
2072
2327
2775
2912
3095
3096
3097
3177
3330
3458
3497
3617
4071
4168
4170
4171
4172
4173
4174
4175
4176
4180
4250
4255
4258
4265
4558
4556
4239
4850
4875
4745
5013
5020
5021
5155
5318
5548
5549
5551
5598
5649
3761
6327
4477
6486
6650
6709
6610
7143
7309
7351
7646
7748
7794
7854
7971
7916
7925
7950
7993
8003
8005
8015
8026
7999
8073
8077
8082
8093
8102
8624
8713
9266
9267
3765
9404
5608
9805
9846
10107
10111
10610
10672
10707
10751
10987
5518
6682
11082
11204
11490
11492
11537
11722
11723
12019
12303
12304
1410
12026
12277
12278
12279
12280
12285
12286
12287
12483
12484
12524
12719
12950
13041
13043
13049
13050
13090
13091
13100
13109
13133
13147
13604
13787
6821
13808
13812
13956
4476
14152
3929
3932
14140
14170
14192
14197
14392
14470
14532
14646
14790
14818
13848
9220
14901
14953
15055
9986
15157
15158
15156
15433
15495
2640
15652
15667
12343
2642
11182
16002
16051
16119
16184
16264
14441
1865
15118
16741
16745
16796
5291
16998
17029
17052
16876
17157
17240
17312
17313
17314
10389
17717
17718
17720
17741
17776
17777
17778
17780
17944
17987
18096
16099
18205
18206
18210
18216
11143
7442
18462
18468
18476
9174
18742
18824
17828
18900
18926
18953
19022
707
19118
19150
19151
19152
19162
19204
19227
19301
19296
19291
19292
19294
19428
19531
19548
19609
19778
19995
20000
19818
19947
7034
20140
20218
20403
20410
20445
20465
20469
20476
20520
20521
15871
20624
20620
20621
2193
2281
20683
3905
20784
20679
11444
20923
20925
20946
14745
21093
21098
21099
18644
21318
21368
21340
21352
21357
20328
21411
21459
21460
21580
21558
20119
21627
21732
4608
19489
21870
21835
21836
21845
21879
21886
21887
21975
22084
22023
22178
22180
22176
22184
22237
22268
22383
22332
22333
22334
22365
22373
22378
22379
22382
20337
20338
22391
22393
22437
22496
22462
22463
6789
15513
21495
22522
22570
7612
22601
7336
22646
22666
22675
22679
18544
21942
18017
22782
22830
23014
23058
17708
23084
23088
23096
23093
23104
23197
23204
23207
16363
23280
23283
3108
23187
23429
14032
19853
23505
23508
23040
23588
23611
8780
23779
23773
23775
23782
5263
23799
21157
9201
23841
23895
23898
17041
23920
20802
20803
23987
24025
24016
24058
24066
17176
24081
24082
24088
24091
24093
24095
24096
24097
24154
17285
24219
24222
24228
24229
24234
24238
24246
21311
24301
24313
24365
19284
24463
24469
24472
17179
23409
23063
23066
24737
24738
24740
24741
24742
24744
24748
24753
24758
24809
24845
24844
12976
7866
24955
24957
21800
24918
24922
24926
24929
24954
24959
24961
24962
24970
24971
24972
24973
25012
25019
14988
25072
19557
25167
18558
25228
18510
23840
25335
25358
24832
25516
25517
10483
14069
25570
25603
7032
22978
17386
19649
21397
2221
25708
25751
21716
25760
25762
13157
25787
25840
25838
25839
25877
21267
25936
20614
25986
25988
25876
19899
23955
6392
26077
26079
26149
15497
26217
13213
26276
26278
26294
18618
26306
26352
26361
26364
23478
26400
26402
26416
4481
26449
4478
23295
26478
26494
5123
26504
22626
25720
19781
26507
26508
26510
5517
13843
26570
17047
26588
20485
7322
8486
11489
26678
26692
26712
26744
24199
26751
26752
18676
8578
26710
26853
5290
26597
26186
26796
24710
26931
26938
26939
26940
26942
26943
26944
26945
26946
26947
26948
26955
26961
26962
26964
26972
23034
14910
27056
2729
27097
18566
27142
14994
13849
11807
27151
27105
27160
9238
16682
15979
16681
16679
16680
15664
27224
27225
16225
27256
27261
22736
27289
27249
12460
13870
18003
27395
27393
27402
24568
16471
27480
18428
25169
20733
27516
27470
26374
16831
27553
4095
19657
8274
27120
27538
26608
27628
26726
16678
27660
27666
27667
27671
17153
27492
25700
27760
25701
27779
27786
7822
11098
27060
27846
26463
27856
27857
27867
27871
27873
27979
27982
27983
27984
27988
27998
28001
28003
28026
27752
15463
28099
28163
28165
28168
28173
28175
28183
28186
28188
28190
20371
24002
28195
28226
28228
22605
28264
28267
28271
28272
28289
12427
27795
27616
28310
28348
17696
24
24349
27469
27844
28404
9093
28359
27807
18391
19817
16838
5732
28485
27034
28504
28541
28550
28554
28565
10365
28580
27029
28591
28592
28593
27297
13259
4366
22555
28625
28619
28624
26929
28626
28648
28645
28647
28682
28683
28699
26128
27581
21431
20481
8120
26736
22881
28714
27425
28738
28739
28740
28745
28746
22589
27403
21710
25556
27649
14360
14362
15503
23258
26426
23695
26866
7837
28110
24119
27626
13720
28803
28856
28857
28858
28859
22457
7789
28869
28874
28877
23064
28901
28899
27927
28911
28918
28919
28921
28939
28937
28950
27977
28973
28974
28968
28970
28972
28976
28977
29000
12972
12971
29012
29013
29025
29017
29057
29058
29062
29065
29068
28848
22322
29090
24213
28835
29137
29161
29127
29129
29134
29138
29142
29144
29146
28636
29162
28979
29180
27711
22657
29212
29219
29217
29228
29231
29235
29248
29257
28944
29278
29280
29289
29290
29307
29310
29322
28983
29353
28583
29357
29360
28945
29372
29373
29196
27956
29406
28989
29394
29396
29397
29400
29429
29432
29437
29448
29460
29461
29473
29482
27974
29498
29499
29507
29508
29511
29514
29542
28615
29531
29533
29543
29546
29590
29577
29581
29591
21320
29566
29224
29620
29625
29623
27691
23045
17269
29652
28931
29659
29664
29677
29680
29682
17292
29697
29716
29721
29728
24701
29738
29747
29749
12987
24727
29753
21336
24422
29766
28847
29771
29772
29776
29779
29792
29802
29803
29813
29816
29840
29846
29857
24887
29845
29862
11525
29864
27789
27664
25946
7047
27817
9733
29903
22633
16177
16095
29909
29952
29960
29961
7904
29987
29991
29995
29998
28102
30006
25217
30022
30024
30032
30054
30068
30074
30085
28201
7823
21769
30091
30106
30107
30108
30111
30116
30117
30124
30134
30142
30147
30165
30168
30176
30190
29698
30219
30220
30223
30232
30234
30242
30243
30246
30247
30252
30254
30241
30221
28123
30264
29450
30282
30283
30289
30290
30287
30298
30312
30318
30337
30351
29111
30362
29447
30374
30375
30043
30387
30388
30389
30390
30392
30393
23761
30400
30401
30405
30413
30421
30433
30434
30435
28197
30445
30452
29980
30462
30471
30473
30474
30475
30482
30486
29638
29052
30499
30501
30516
30517
29163
30568
30571
30583
30545
30585
30569
28530
30588
30591
28101
28136
30205
30425
30528
30548
30559
30565
30566
30581
30584
30586
30587
29564
30599
30600
30066
19097
30613
30625
19087
6808
21312
21313
24267
23653
30645
30650
22950
29874
30658
17268
26934
19215
30668
23579
27043
27632
29858
23636
22558
27132
7751
30694
29103
23068
30704
30705
30710
30711
23039
30712
30721
30724
30725
30726
30734
30737
24490
16855
30747
30750
11746
20212
22816
30640
30771
30772
24270
24281
29476
27944
30777
30783
30785
26935
28402
30798
30801
24828
27317
30811
30439
21394
22046
22167
20117
30837
30836
29453
27939
27941
28395
30845
30844
30846
30533
30857
30858
30707
30855
28137
30872
28582
30885
30890
30891
12992
30901
30903
10478
30912
30823
27333
24072
24073
30920
30928
30929
30930
30931
30932
22118
30940
30944
30945
30946
30948
30963
30970
30973
30976
30987
24074
31019
31021
29562
29573
31029
28581
29878
31032
31039
24987
20286
20303
31049
26924
26925
26926
26927
27059
31057
31059
23035
30869
24884
27182
23578
31086
31084
31085
29028
31093
17069
31098
31104
31105
31101
31102
21610
31107
17713
31118
13026
31128
31129
29190
31140
31142
29672
31146
31148
31155
31163
31164
31047
31184
31185
11133
31189
31201
13012
27374
31205
24006
29881
31207
31224
31225
31226
31235
31238
31245
29420
16662
31252
31253
21813
31269
31274
28726
24913
23533
31275
31277
30191
29931
30732
31100
31293
31301
31297
31299
31300
31302
31303
31306
31308
24418
27373
23624
31309
31313
31324
29763
31323
31330
31331
31211
31343
27377
28210
13027
31338
31341
24150
31351
31357
24216
20229
31043
29095
31361
30441
24698
31374
31376
28666
21792
28401
31395
28634
30915
29890
31397
31410
23570
31411
26922
31419
31421
31422
29390
31435
31436
31437
31443
22557
31444
30893
31456
31457
31458
31461
7797
31467
23119
28118
31474
31481
31482
31485
31493
31494
30152
31511
30515
21751
30529
23033
24890
31528
31529
31532
31181
30714
21072
31544
31558
31560
30718
27657
27654
29895
28822
31571
31573
31068
24076
27764
31574
31577
30468
31587
31588
31591
31227
29314
31292
30273
31605
22120
22324
31609
31611
31614
31147
22888
22909
31622
31630
30848
29540
30182
31636
31642
31387
31650
31653
31654
30647
31645
31663
31666
31017
30438
25010
30983
31679
31680
22993
29658
31687
29241
31692
31702
31703
31429
31604
31705
31042
31212
31261
31714
31715
27929
27932
30415
23531
31720
28585
23031
31725
22610
24733
31016
31732
30060
31247
10868
28502
31752
31753
31754
31757
31766
31768
31769
31328
24717
29941
30077
30665
31662
27960
31771
31431
31773
31776
30918
28194
31519
31784
30730
31787
31788
29892
21765
31792
31793
7784
30045
31797
31798
28727
31800
31801
21785
30377
31799
28133
20272
