0
2
4
7
8
9
10
14
15
17
20
21
22
23
25
26
27
31
34
35
36
37
38
39
40
41
42
43
44
46
47
48
49
50
51
55
57
58
60
61
62
64
65
66
68
73
74
76
77
78
85
86
87
88
90
91
93
98
99
100
102
104
105
111
112
114
115
116
117
119
120
121
122
123
125
126
129
130
131
132
133
134
135
137
138
140
141
144
147
152
153
155
156
157
158
159
162
163
164
165
166
167
168
169
173
175
176
177
178
179
182
183
187
189
192
194
195
202
203
204
206
207
210
211
212
216
218
219
230
233
235
242
244
245
246
248
250
251
252
255
256
259
261
262
264
265
266
267
269
270
275
276
278
281
283
286
287
288
290
292
293
294
298
299
300
301
304
305
306
307
312
314
316
317
319
322
323
324
326
328
329
330
331
335
336
337
341
343
345
346
348
349
354
360
368
370
373
374
377
379
380
389
393
395
401
402
405
406
409
410
412
414
415
418
422
426
429
434
437
440
441
445
446
447
448
449
450
451
452
455
458
467
470
473
475
479
481
484
485
487
489
491
497
501
502
505
510
515
519
525
528
535
537
542
545
549
554
555
559
560
561
564
566
576
587
590
591
592
593
596
598
603
604
605
606
608
613
615
616
622
623
625
631
634
636
639
642
644
649
653
657
663
666
670
671
672
673
678
681
682
689
694
704
709
712
717
723
724
734
737
738
740
744
748
760
763
772
788
792
796
799
800
801
811
816
824
825
826
827
834
839
841
845
858
866
867
870
876
887
891
892
894
897
899
901
906
907
913
920
933
934
935
939
941
951
952
956
963
977
1000
1005
1007
1009
1014
1017
1019
1030
1033
1042
1043
1048
1058
1085
1124
1125
1136
1137
1147
1148
1157
1159
1160
1173
1178
1183
1195
1212
1215
1228
1232
1237
1238
1245
1256
1257
1258
1261
1262
1265
1267
1270
1276
1282
1283
1284
1285
1286
1287
1289
1291
1292
1293
1295
1298
1299
1300
1301
1302
1303
1304
1307
1308
1309
1310
1312
1314
1315
1316
1317
1318
1319
1320
1322
1323
1324
1326
1328
1330
1331
1332
1335
1337
1338
1342
1345
1346
1351
1352
1353
1354
1355
1356
1359
1360
1364
1366
1367
1368
1369
1370
1371
1373
1374
1375
1377
1381
1384
1386
1387
1388
1389
1391
1392
1396
1397
1401
1405
1406
1409
1417
1418
1420
1423
1424
1425
1426
1430
1434
1437
1439
1442
1443
1448
1450
1451
1452
1453
1454
1455
1456
1457
1458
1459
1461
1463
1464
1465
1466
1471
1472
1477
1478
1479
1480
1481
1485
1488
1489
1490
1492
1497
1498
1499
1500
1501
1505
1508
1509
1510
1511
1513
1514
1518
1521
1522
1523
1524
1525
1526
1527
1528
1529
1530
1531
1535
1536
1537
1541
1542
1543
1544
1545
1549
1551
1552
1553
1554
1555
1556
1557
1559
1560
1561
1563
1564
1565
1568
1571
1575
1577
1579
1582
1585
1589
1593
1595
1596
1600
1602
1608
1609
1612
1616
1617
1619
1620
1621
1622
1626
1627
1630
1636
1637
1639
1640
1647
1649
1654
1655
1657
1658
1660
1661
1662
1663
1665
1666
1670
1673
1676
1677
1681
1684
1690
1691
1692
1693
1696
1700
1703
1706
1707
1709
1710
1715
1717
1718
1720
1729
1731
1734
1737
1744
1745
1751
1752
1758
1767
1778
1779
1781
1783
1785
1786
1792
1794
1795
1796
1805
1807
1808
1810
1811
1812
1816
1817
1820
1821
1822
1825
1828
1834
1837
1839
1844
1847
1849
1854
1858
1860
1862
1864
1868
1870
1873
1875
1887
1889
1892
1903
1904
1910
1914
1915
1918
1919
1921
1927
1932
1934
1935
1937
1940
1941
1945
1946
1947
1954
1956
1958
1965
1971
1972
1977
1979
1984
1987
1988
1990
1992
1994
1997
2003
2004
2010
2012
2016
2020
2024
2031
2032
2038
2040
2041
2043
2045
2047
2049
2050
2052
2053
2058
2059
2060
2061
2063
2064
2069
2075
2080
2081
2083
2084
2087
2088
2092
2093
2097
2098
2099
2102
2103
2104
2105
2107
2110
2112
2117
2119
2120
2125
2132
2133
2136
2141
2143
2146
2149
2151
2154
2159
2165
2168
2174
2178
2181
2185
2189
2196
2198
2203
2211
2214
2223
2226
2230
2232
2237
2238
2243
2244
2245
2247
2253
2262
2267
2275
2282
2283
2284
2287
2291
2294
2296
2301
2309
2312
2320
2321
2323
2325
2326
2329
2330
2335
2339
2340
2343
2344
2346
2348
2351
2353
2355
2357
2360
2364
2367
2370
2372
2374
2383
2385
2386
2387
2392
2393
2401
2404
2406
2407
2408
2416
2419
2420
2428
2432
2433
2436
2439
2442
2444
2445
2447
2451
2455
2456
2457
2460
2461
2467
2470
2471
2477
2480
2484
2486
2490
2493
2503
2506
2507
2508
2514
2518
2522
2525
2551
2577
2594
2595
2604
2605
2612
2630
2634
2637
2640
2641
2653
2657
2663
2668
2673
2707
2732
2736
2737
2738
2741
2750
2769
2778
2779
2780
2781
2783
2784
2787
2790
2791
2795
2796
2797
2798
2801
2802
2805
2807
2810
2812
2813
2814
2815
2816
2821
2824
2825
2828
2832
2833
2834
2835
2842
2846
2849
2850
2851
2854
2861
2862
2863
2865
2867
2868
2869
2872
2873
2875
2885
2887
2890
2899
2901
2905
2906
2907
2912
2914
2917
2922
2923
2924
2926
2927
2933
2934
2935
2937
2938
2943
2950
2951
2955
2963
2966
2971
2972
2976
2994
2996
3003
3010
3012
3013
3016
3017
3018
3020
3021
3023
3025
3026
3028
3038
3039
3045
3047
3049
3052
3053
3057
3061
3062
3064
3066
3067
3071
3077
3081
3085
3086
3092
3104
3110
3112
3124
3125
3127
3129
3130
3140
3141
3153
3164
3170
3175
3178
3184
3185
3188
3190
3191
3193
3196
3202
3214
3217
3227
3228
3229
3231
3237
3243
3245
3248
3250
3254
3261
3264
3265
3276
3277
3278
3293
3298
3301
3304
3305
3315
3317
3326
3329
3330
3333
3336
3340
3342
3346
3347
3366
3368
3373
3375
3376
3377
3378
3406
3407
3408
3413
3420
3421
3429
3434
3444
3446
3449
3451
3456
3459
3513
3515
3516
3518
3523
3524
3526
3527
3528
3530
3531
3532
3533
3538
3540
3542
3547
3548
3549
3550
3551
3552
3553
3554
3555
3556
3557
3558
3561
3562
3563
3564
3565
3566
3568
3569
3570
3571
3572
3573
3574
3575
3576
3577
3580
3581
3582
3584
3586
3587
3591
3593
3595
3596
3598
3599
3600
3601
3602
3605
3608
3610
3614
3615
3618
3619
3622
3623
3626
3627
3628
3629
3631
3632
3634
3635
3637
3638
3641
3643
3646
3648
3652
3655
3656
3657
3658
3659
3662
3664
3665
3666
3667
3669
3670
3671
3672
3674
3675
3677
3679
3680
3682
3683
3684
3686
3687
3689
3691
3694
3696
3697
3700
3702
3703
3704
3706
3707
3712
3719
3720
3728
3730
3734
3744
3745
3747
3748
3751
3752
3756
3757
3758
3759
3761
3764
3765
3767
3768
3769
3771
3772
3773
3774
3775
3776
3778
3780
3781
3783
3784
3785
3790
3792
3793
3794
3799
3800
3804
3805
3807
3809
3812
3815
3816
3817
3819
3822
3823
3825
3826
3827
3829
3831
3834
3835
3836
3841
3842
3843
3845
3846
3847
3848
3850
3851
3855
3856
3857
3860
3861
3862
3863
3871
3873
3874
3875
3876
3877
3878
3879
3882
3883
3884
3885
3886
3887
3890
3891
3892
3893
3894
3895
3900
3901
3902
3903
3904
3905
3906
3907
3909
3912
3913
3914
3916
3917
3921
3922
3923
3926
3927
3928
3930
3935
3936
3937
3938
3939
3940
3945
3948
3949
3951
3954
3955
3956
3958
3959
3960
3961
3962
3963
3964
3966
3967
3968
3969
3970
3971
3972
3973
3974
3975
3976
3977
3978
3979
3980
3982
3983
3984
3985
3988
3989
3991
3992
3993
3995
3996
3997
3998
4000
4001
4002
4003
4004
4005
4006
4009
4010
4012
4013
4014
4015
4017
4019
4020
4021
4023
4024
4027
4030
4031
4033
4034
4036
4037
4038
4040
4041
4042
4043
4044
4047
4050
4052
4053
4055
4060
4064
4065
4066
4067
4068
4069
4070
4071
4072
4073
4074
4075
4079
4080
4088
4089
4098
4100
4101
4103
4104
4105
4108
4117
4121
4122
4123
4124
4125
4126
4127
4128
4130
4131
4132
4133
4136
4137
4138
4141
4142
4143
4144
4146
4148
4150
4151
4152
4153
4154
4155
4156
4157
4159
4163
4164
4165
4166
4167
4170
4171
4173
4178
4179
4182
4186
4187
4191
4201
4203
4205
4206
4208
4211
4212
4215
4216
4217
4218
4224
4228
4229
4230
4231
4232
4233
4237
4238
4239
4242
4243
4244
4245
4246
4247
4248
4249
4250
4251
4255
4257
4258
4262
4263
4266
4267
4275
4277
4279
4282
4283
4288
4291
4294
4295
4296
4297
4298
4299
4300
4302
4304
4305
4307
4309
4310
4312
4319
4321
4322
4323
4325
4328
4334
4335
4336
4341
4344
4345
4347
4350
4353
4354
4355
4357
4361
4363
4364
4366
4369
4371
4374
4375
4376
4377
4382
4385
4386
4387
4388
4389
4392
4393
4394
4400
4403
4406
4407
4408
4412
4414
4415
4416
4417
4418
4422
4423
4425
4426
4429
4430
4431
4432
4433
4436
4440
4441
4442
4443
4446
4449
4457
4461
4462
4466
4467
4468
4472
4473
4476
4478
4479
4481
4482
4486
4489
4490
4492
4493
4494
4496
4497
4498
4507
4508
4511
4512
4513
4515
4516
4518
4521
4523
4528
4529
4530
4531
4532
4533
4535
4536
4537
4538
4540
4541
4542
4543
4545
4546
4547
4548
4550
4552
4554
4555
4557
4558
4559
4560
4564
4565
4567
4568
4569
4571
4572
4574
4577
4578
4579
4583
4586
4588
4590
4591
4592
4593
4594
4596
4597
4598
4599
4604
4605
4607
4608
4610
4611
4612
4614
4615
4616
4617
4618
4619
4620
4622
4625
4629
4632
4635
4637
4638
4639
4642
4644
4646
4647
4648
4652
4654
4657
4658
4660
4661
4662
4663
4664
4665
4666
4669
4670
4671
4672
4675
4676
4680
4681
4686
4687
4688
4693
4694
4700
4703
4704
4707
4709
4711
4713
4716
4719
4722
4724
4725
4726
4729
4730
4731
4733
4734
4735
4741
4742
4746
4747
4749
4751
4761
4762
4763
4767
4768
4773
4775
4784
4786
4789
4790
4795
4797
4804
4806
4807
4808
4811
4814
4816
4818
4819
4821
4825
4826
4827
4829
4830
4831
4832
4837
4839
4841
4842
4844
4845
4846
4847
4850
4851
4853
4855
4857
4860
4863
4868
4872
4874
4876
4877
4880
4885
4886
4887
4889
4890
4891
4896
4898
4899
4900
4904
4909
4913
4914
4915
4917
4918
4919
4923
4924
4925
4931
4932
4935
4937
4943
4944
4945
4947
4948
4949
4950
4951
4952
4953
4954
4955
4957
4961
4963
4967
4968
4972
4974
4979
4980
4982
4983
4985
4988
4989
4992
4994
4995
4998
5002
5005
5008
5010
5011
5013
5014
5016
5018
5020
5022
5024
5025
5026
5027
5028
5029
5030
5031
5032
5033
5035
5036
5037
5039
5040
5041
5042
5044
5048
5050
5052
5053
5054
5055
5056
5057
5058
5059
5060
5062
5064
5068
5069
5070
5071
5072
5079
5080
5083
5084
5085
5087
5088
5091
5094
5098
5099
5100
5104
5106
5107
5108
5109
5110
5114
5115
5116
5117
5119
5120
5121
5123
5124
5127
5130
5132
5133
5135
5136
5137
5139
5140
5141
5146
5147
5148
5149
5150
5152
5153
5154
5155
5156
5158
5159
5162
5164
5165
5167
5168
5172
5178
5180
5182
5183
5184
5186
5189
5197
5199
5201
5203
5204
5205
5206
5208
5209
5210
5211
5212
5213
5214
5218
5221
5222
5223
5226
5230
5231
5232
5234
5235
5236
5239
5240
5241
5243
5244
5246
5247
5250
5251
5253
5255
5256
5259
5261
5263
5265
5266
5269
5270
5271
5272
5274
5275
5277
5278
5280
5288
5290
5292
5293
5294
5295
5297
5299
5302
5304
5305
5309
5310
5313
5315
5319
5320
5321
5322
5323
5324
5325
5329
5334
5337
5341
5343
5344
5345
5346
5354
5362
5364
5367
5373
5380
5384
5385
5392
5394
5395
5397
5398
5399
5400
5402
5410
5411
5412
5418
5419
5420
5421
5422
5425
5426
5428
5429
5432
5433
5434
5439
5441
5442
5443
5444
5448
5449
5450
5451
5455
5458
5460
5462
5472
5473
5475
5476
5477
5481
5484
5486
5488
5492
5495
5497
5503
5504
5511
5513
5517
5518
5520
5522
5523
5524
5526
5527
5528
5532
5535
5536
5545
5550
5554
5559
5561
5565
5567
5572
5584
5585
5588
5589
5599
5600
5602
5603
5604
5605
5608
5612
5613
5620
5624
5626
5630
5631
5632
5634
5635
5636
5637
5639
5641
5642
5643
5647
5648
5649
5650
5653
5656
5657
5659
5660
5664
5666
5667
5669
5671
5678
5679
5681
5691
5694
5695
5696
5703
5704
5707
5709
5710
5712
5715
5716
5717
5722
5723
5725
5726
5728
5730
5736
5737
5741
5744
5747
5748
5755
5758
5759
5760
5762
5763
5764
5766
5767
5769
5774
5777
5780
5781
5783
5784
5787
5788
5791
5802
5804
5808
5809
5812
5817
5820
5821
5824
5825
5829
5832
5834
5835
5836
5840
5843
5844
5849
5851
5853
5862
5864
5870
5871
5874
5880
5884
5885
5889
5890
5893
5894
5906
5907
5908
5909
5910
5913
5914
5920
5922
5923
5926
5929
5931
5932
5935
5949
5950
5951
5952
5955
5958
5959
5964
5966
5969
5970
5971
5972
5974
5975
5979
5988
5989
5994
5998
5999
6000
6002
6003
6004
6006
6008
6014
6017
6018
6021
6026
6028
6030
6031
6032
6035
6036
6037
6039
6042
6046
6047
6048
6050
6052
6055
6057
6059
6066
6069
6071
6072
6074
6079
6085
6089
6092
6095
6097
6103
6105
6109
6110
6114
6115
6116
6118
6119
6121
6122
6123
6127
6131
6137
6139
6140
6141
6148
6150
6156
6157
6160
6162
6163
6167
6169
6170
6173
6180
6181
6184
6186
6189
6191
6193
6194
6195
6196
6197
6199
6201
6203
6204
6205
6208
6211
6213
6219
6225
6229
6230
6231
6232
6234
6236
6240
6241
6247
6253
6255
6263
6275
6276
6277
6278
6279
6280
6282
6285
6286
6289
6293
6295
6297
6298
6302
6306
6308
6309
6311
6312
6313
6315
6317
6318
6322
6323
6326
6329
6330
6331
6334
6335
6337
6341
6342
6344
6346
6347
6349
6350
6354
6355
6363
6367
6368
6370
6371
6374
6375
6377
6378
6380
6381
6382
6385
6389
6392
6393
6394
6395
6398
6399
6401
6405
6409
6410
6411
6412
6418
6421
6425
6426
6428
6431
6432
6437
6438
6439
6440
6441
6443
6444
6445
6446
6452
6453
6459
6461
6464
6469
6471
6472
6473
6474
6475
6476
6477
6478
6479
6482
6483
6485
6486
6488
6489
6490
6491
6499
6501
6502
6505
6506
6510
6512
6517
6522
6523
6527
6528
6530
6535
6536
6537
6539
6540
6541
6542
6543
6544
6547
6549
6552
6562
6570
6573
6574
6575
6577
6578
6579
6581
6583
6584
6598
6599
6603
6604
6605
6610
6611
6612
6615
6617
6619
6620
6621
6622
6626
6627
6628
6629
6630
6631
6636
6637
6638
6639
6641
6649
6651
6652
6653
6655
6656
6666
6668
6669
6670
6671
6672
6677
6681
6688
6692
6693
6694
6696
6697
6699
6700
6701
6703
6710
6711
6714
6716
6718
6721
6723
6724
6725
6727
6731
6738
6740
6742
6743
6744
6745
6752
6769
6772
6774
6776
6780
6782
6784
6786
6789
6792
6794
6799
6808
6814
6816
6824
6830
6831
6832
6833
6835
6848
6849
6851
6853
6855
6857
6858
6864
6874
6876
6879
6886
6891
6892
6894
6898
6902
6906
6907
6909
6914
6916
6918
6919
6920
6921
6926
6936
6939
6940
6942
6943
6946
6955
6958
6964
6972
6973
6991
6992
6993
6994
6995
7000
7005
7007
7008
7009
7010
7011
7013
7014
7016
7017
7019
7021
7024
7026
7030
7032
7034
7036
7041
7042
7043
7046
7047
7049
7050
7051
7057
7059
7064
7068
7069
7073
7077
7078
7080
7081
7083
7093
7094
7097
7099
7104
7106
7107
7111
7113
7114
7115
7117
7119
7122
7125
7131
7132
7133
1
3
5
6
11
12
13
16
18
19
24
28
29
30
32
33
45
52
53
54
56
59
63
67
69
70
71
72
75
79
80
81
82
83
84
89
92
94
95
96
97
101
103
106
107
108
109
110
113
118
124
127
128
136
139
142
143
145
146
148
149
150
151
154
160
161
170
171
172
174
180
181
184
185
186
188
190
191
193
196
197
198
199
200
201
205
208
209
213
214
215
217
220
221
222
223
224
225
226
227
228
229
231
232
234
236
237
238
239
240
241
243
247
249
253
254
257
258
260
263
268
271
272
273
274
277
279
280
282
284
285
289
291
295
296
297
302
303
308
309
310
311
313
315
318
320
321
325
327
332
333
334
338
339
340
342
344
347
350
351
352
353
355
356
357
358
359
361
362
363
364
365
366
367
369
371
372
375
376
378
381
382
383
384
385
386
387
388
390
391
392
394
396
397
398
399
400
403
404
407
408
411
413
416
417
419
420
421
423
424
425
427
428
430
431
432
433
435
436
438
439
442
443
444
453
454
456
457
459
460
461
462
463
464
465
466
468
469
471
472
474
476
477
478
480
482
483
486
488
490
492
493
494
495
496
498
499
500
503
504
506
507
508
509
511
512
513
514
516
517
518
520
521
522
523
524
526
527
529
530
531
532
533
534
536
538
539
540
541
543
544
546
547
548
550
551
552
553
556
557
558
562
563
565
567
568
569
570
571
572
573
574
575
577
578
579
580
581
582
583
584
585
586
588
589
594
595
597
599
600
601
602
607
609
610
611
612
614
617
618
619
620
621
624
626
627
628
629
630
632
633
635
637
638
640
641
643
645
646
647
648
650
651
652
654
655
656
658
659
660
661
662
664
665
667
668
669
674
675
676
677
679
680
683
684
685
686
687
688
690
691
692
693
695
696
697
698
699
700
701
702
703
705
706
707
708
710
711
713
714
715
716
718
719
720
721
722
725
726
727
728
729
730
731
732
733
735
736
739
741
742
743
745
746
747
749
750
751
752
753
754
755
756
757
758
759
761
762
764
765
766
767
768
769
770
771
773
774
775
776
777
778
779
780
781
782
783
784
785
786
787
789
790
791
793
794
795
797
798
802
803
804
805
806
807
808
809
810
812
813
814
815
817
818
819
820
821
822
823
828
829
830
831
832
833
835
836
837
838
840
842
843
844
846
847
848
849
850
851
852
853
854
855
856
857
859
860
861
862
863
864
865
868
869
871
872
873
874
875
877
878
879
880
881
882
883
884
885
886
888
889
890
893
895
896
898
900
902
903
904
905
908
909
910
911
912
914
915
916
917
918
919
921
922
923
924
925
926
927
928
929
930
931
932
936
937
938
940
942
943
944
945
946
947
948
949
950
953
954
955
957
958
959
960
961
962
964
965
966
967
968
969
970
971
972
973
974
975
976
978
979
980
981
982
983
984
985
986
987
988
989
990
991
992
993
994
995
996
997
998
999
1001
1002
1003
1004
1006
1008
1010
1011
1012
1013
1015
1016
1018
1020
1021
1022
1023
1024
1025
1026
1027
1028
1029
1031
1032
1034
1035
1036
1037
1038
1039
1040
1041
1044
1045
1046
1047
1049
1050
1051
1052
1053
1054
1055
1056
1057
1059
1060
1061
1062
1063
1064
1065
1066
1067
1068
1069
1070
1071
1072
1073
1074
1075
1076
1077
1078
1079
1080
1081
1082
1083
1084
1086
1087
1088
1089
1090
1091
1092
1093
1094
1095
1096
1097
1098
1099
1100
1101
1102
1103
1104
1105
1106
1107
1108
1109
1110
1111
1112
1113
1114
1115
1116
1117
1118
1119
1120
1121
1122
1123
1126
1127
1128
1129
1130
1131
1132
1133
1134
1135
1138
1139
1140
1141
1142
1143
1144
1145
1146
1149
1150
1151
1152
1153
1154
1155
1156
1158
1161
1162
1163
1164
1165
1166
1167
1168
1169
1170
1171
1172
1174
1175
1176
1177
1179
1180
1181
1182
1184
1185
1186
1187
1188
1189
1190
1191
1192
1193
1194
1196
1197
1198
1199
1200
1201
1202
1203
1204
1205
1206
1207
1208
1209
1210
1211
1213
1214
1216
1217
1218
1219
1220
1221
1222
1223
1224
1225
1226
1227
1229
1230
1231
1233
1234
1235
1236
1239
1240
1241
1242
1243
1244
1246
1247
1248
1249
1250
1251
1252
1253
1254
1255
1259
1260
1263
1264
1266
1268
1269
1271
1272
1273
1274
1275
1277
1278
1279
1280
1281
1288
1290
1294
1296
1297
1305
1306
1311
1313
1321
1325
1327
1329
1333
1334
1336
1339
1340
1341
1343
1344
1347
1348
1349
1350
1357
1358
1361
1362
1363
1365
1372
1376
1378
1379
1380
1382
1383
1385
1390
1393
1394
1395
1398
1399
1400
1402
1403
1404
1407
1408
1410
1411
1412
1413
1414
1415
1416
1419
1421
1422
1427
1428
1429
1431
1432
1433
1435
1436
1438
1440
1441
1444
1445
1446
1447
1449
1460
1462
1467
1468
1469
1470
1473
1474
1475
1476
1482
1483
1484
1486
1487
1491
1493
1494
1495
1496
1502
1503
1504
1506
1507
1512
1515
1516
1517
1519
1520
1532
1533
1534
1538
1539
1540
1546
1547
1548
1550
1558
1562
1566
1567
1569
1570
1572
1573
1574
1576
1578
1580
1581
1583
1584
1586
1587
1588
1590
1591
1592
1594
1597
1598
1599
1601
1603
1604
1605
1606
1607
1610
1611
1613
1614
1615
1618
1623
1624
1625
1628
1629
1631
1632
1633
1634
1635
1638
1641
1642
1643
1644
1645
1646
1648
1650
1651
1652
1653
1656
1659
1664
1667
1668
1669
1671
1672
1674
1675
1678
1679
1680
1682
1683
1685
1686
1687
1688
1689
1694
1695
1697
1698
1699
1701
1702
1704
1705
1708
1711
1712
1713
1714
1716
1719
1721
1722
1723
1724
1725
1726
1727
1728
1730
1732
1733
1735
1736
1738
1739
1740
1741
1742
1743
1746
1747
1748
1749
1750
1753
1754
1755
1756
1757
1759
1760
1761
1762
1763
1764
1765
1766
1768
1769
1770
1771
1772
1773
1774
1775
1776
1777
1780
1782
1784
1787
1788
1789
1790
1791
1793
1797
1798
1799
1800
1801
1802
1803
1804
1806
1809
1813
1814
1815
1818
1819
1823
1824
1826
1827
1829
1830
1831
1832
1833
1835
1836
1838
1840
1841
1842
1843
1845
1846
1848
1850
1851
1852
1853
1855
1856
1857
1859
1861
1863
1865
1866
1867
1869
1871
1872
1874
1876
1877
1878
1879
1880
1881
1882
1883
1884
1885
1886
1888
1890
1891
1893
1894
1895
1896
1897
1898
1899
1900
1901
1902
1905
1906
1907
1908
1909
1911
1912
1913
1916
1917
1920
1922
1923
1924
1925
1926
1928
1929
1930
1931
1933
1936
1938
1939
1942
1943
1944
1948
1949
1950
1951
1952
1953
1955
1957
1959
1960
1961
1962
1963
1964
1966
1967
1968
1969
1970
1973
1974
1975
1976
1978
1980
1981
1982
1983
1985
1986
1989
1991
1993
1995
1996
1998
1999
2000
2001
2002
2005
2006
2007
2008
2009
2011
2013
2014
2015
2017
2018
2019
2021
2022
2023
2025
2026
2027
2028
2029
2030
2033
2034
2035
2036
2037
2039
2042
2044
2046
2048
2051
2054
2055
2056
2057
2062
2065
2066
2067
2068
2070
2071
2072
2073
2074
2076
2077
2078
2079
2082
2085
2086
2089
2090
2091
2094
2095
2096
2100
2101
2106
2108
2109
2111
2113
2114
2115
2116
2118
2121
2122
2123
2124
2126
2127
2128
2129
2130
2131
2134
2135
2137
2138
2139
2140
2142
2144
2145
2147
2148
2150
2152
2153
2155
2156
2157
2158
2160
2161
2162
2163
2164
2166
2167
2169
2170
2171
2172
2173
2175
2176
2177
2179
2180
2182
2183
2184
2186
2187
2188
2190
2191
2192
2193
2194
2195
2197
2199
2200
2201
2202
2204
2205
2206
2207
2208
2209
2210
2212
2213
2215
2216
2217
2218
2219
2220
2221
2222
2224
2225
2227
2228
2229
2231
2233
2234
2235
2236
2239
2240
2241
2242
2246
2248
2249
2250
2251
2252
2254
2255
2256
2257
2258
2259
2260
2261
2263
2264
2265
2266
2268
2269
2270
2271
2272
2273
2274
2276
2277
2278
2279
2280
2281
2285
2286
2288
2289
2290
2292
2293
2295
2297
2298
2299
2300
2302
2303
2304
2305
2306
2307
2308
2310
2311
2313
2314
2315
2316
2317
2318
2319
2322
2324
2327
2328
2331
2332
2333
2334
2336
2337
2338
2341
2342
2345
2347
2349
2350
2352
2354
2356
2358
2359
2361
2362
2363
2365
2366
2368
2369
2371
2373
2375
2376
2377
2378
2379
2380
2381
2382
2384
2388
2389
2390
2391
2394
2395
2396
2397
2398
2399
2400
2402
2403
2405
2409
2410
2411
2412
2413
2414
2415
2417
2418
2421
2422
2423
2424
2425
2426
2427
2429
2430
2431
2434
2435
2437
2438
2440
2441
2443
2446
2448
2449
2450
2452
2453
2454
2458
2459
2462
2463
2464
2465
2466
2468
2469
2472
2473
2474
2475
2476
2478
2479
2481
2482
2483
2485
2487
2488
2489
2491
2492
2494
2495
2496
2497
2498
2499
2500
2501
2502
2504
2505
2509
2510
2511
2512
2513
2515
2516
2517
2519
2520
2521
2523
2524
2526
2527
2528
2529
2530
2531
2532
2533
2534
2535
2536
2537
2538
2539
2540
2541
2542
2543
2544
2545
2546
2547
2548
2549
2550
2552
2553
2554
2555
2556
2557
2558
2559
2560
2561
2562
2563
2564
2565
2566
2567
2568
2569
2570
2571
2572
2573
2574
2575
2576
2578
2579
2580
2581
2582
2583
2584
2585
2586
2587
2588
2589
2590
2591
2592
2593
2596
2597
2598
2599
2600
2601
2602
2603
2606
2607
2608
2609
2610
2611
2613
2614
2615
2616
2617
2618
2619
2620
2621
2622
2623
2624
2625
2626
2627
2628
2629
2631
2632
2633
2635
2636
2638
2639
2642
2643
2644
2645
2646
2647
2648
2649
2650
2651
2652
2654
2655
2656
2658
2659
2660
2661
2662
2664
2665
2666
2667
2669
2670
2671
2672
2674
2675
2676
2677
2678
2679
2680
2681
2682
2683
2684
2685
2686
2687
2688
2689
2690
2691
2692
2693
2694
2695
2696
2697
2698
2699
2700
2701
2702
2703
2704
2705
2706
2708
2709
2710
2711
2712
2713
2714
2715
2716
2717
2718
2719
2720
2721
2722
2723
2724
2725
2726
2727
2728
2729
2730
2731
2733
2734
2735
2739
2740
2742
2743
2744
2745
2746
2747
2748
2749
2751
2752
2753
2754
2755
2756
2757
2758
2759
2760
2761
2762
2763
2764
2765
2766
2767
2768
2770
2771
2772
2773
2774
2775
2776
2777
2782
2785
2786
2788
2789
2792
2793
2794
2799
2800
2803
2804
2806
2808
2809
2811
2817
2818
2819
2820
2822
2823
2826
2827
2829
2830
2831
2836
2837
2838
2839
2840
2841
2843
2844
2845
2847
2848
2852
2853
2855
2856
2857
2858
2859
2860
2864
2866
2870
2871
2874
2876
2877
2878
2879
2880
2881
2882
2883
2884
2886
2888
2889
2891
2892
2893
2894
2895
2896
2897
2898
2900
2902
2903
2904
2908
2909
2910
2911
2913
2915
2916
2918
2919
2920
2921
2925
2928
2929
2930
2931
2932
2936
2939
2940
2941
2942
2944
2945
2946
2947
2948
2949
2952
2953
2954
2956
2957
2958
2959
2960
2961
2962
2964
2965
2967
2968
2969
2970
2973
2974
2975
2977
2978
2979
2980
2981
2982
2983
2984
2985
2986
2987
2988
2989
2990
2991
2992
2993
2995
2997
2998
2999
3000
3001
3002
3004
3005
3006
3007
3008
3009
3011
3014
3015
3019
3022
3024
3027
3029
3030
3031
3032
3033
3034
3035
3036
3037
3040
3041
3042
3043
3044
3046
3048
3050
3051
3054
3055
3056
3058
3059
3060
3063
3065
3068
3069
3070
3072
3073
3074
3075
3076
3078
3079
3080
3082
3083
3084
3087
3088
3089
3090
3091
3093
3094
3095
3096
3097
3098
3099
3100
3101
3102
3103
3105
3106
3107
3108
3109
3111
3113
3114
3115
3116
3117
3118
3119
3120
3121
3122
3123
3126
3128
3131
3132
3133
3134
3135
3136
3137
3138
3139
3142
3143
3144
3145
3146
3147
3148
3149
3150
3151
3152
3154
3155
3156
3157
3158
3159
3160
3161
3162
3163
3165
3166
3167
3168
3169
3171
3172
3173
3174
3176
3177
3179
3180
3181
3182
3183
3186
3187
3189
3192
3194
3195
3197
3198
3199
3200
3201
3203
3204
3205
3206
3207
3208
3209
3210
3211
3212
3213
3215
3216
3218
3219
3220
3221
3222
3223
3224
3225
3226
3230
3232
3233
3234
3235
3236
3238
3239
3240
3241
3242
3244
3246
3247
3249
3251
3252
3253
3255
3256
3257
3258
3259
3260
3262
3263
3266
3267
3268
3269
3270
3271
3272
3273
3274
3275
3279
3280
3281
3282
3283
3284
3285
3286
3287
3288
3289
3290
3291
3292
3294
3295
3296
3297
3299
3300
3302
3303
3306
3307
3308
3309
3310
3311
3312
3313
3314
3316
3318
3319
3320
3321
3322
3323
3324
3325
3327
3328
3331
3332
3334
3335
3337
3338
3339
3341
3343
3344
3345
3348
3349
3350
3351
3352
3353
3354
3355
3356
3357
3358
3359
3360
3361
3362
3363
3364
3365
3367
3369
3370
3371
3372
3374
3379
3380
3381
3382
3383
3384
3385
3386
3387
3388
3389
3390
3391
3392
3393
3394
3395
3396
3397
3398
3399
3400
3401
3402
3403
3404
3405
3409
3410
3411
3412
3414
3415
3416
3417
3418
3419
3422
3423
3424
3425
3426
3427
3428
3430
3431
3432
3433
3435
3436
3437
3438
3439
3440
3441
3442
3443
3445
3447
3448
3450
3452
3453
3454
3455
3457
3458
3460
3461
3462
3463
3464
3465
3466
3467
3468
3469
3470
3471
3472
3473
3474
3475
3476
3477
3478
3479
3480
3481
3482
3483
3484
3485
3486
3487
3488
3489
3490
3491
3492
3493
3494
3495
3496
3497
3498
3499
3500
3501
3502
3503
3504
3505
3506
3507
3508
3509
3510
3511
3512
3514
3517
3519
3520
3521
3522
3525
3529
3534
3535
3536
3537
3539
3541
3543
3544
3545
3546
3559
3560
3567
3578
3579
3583
3585
3588
3589
3590
3592
3594
3597
3603
3604
3606
3607
3609
3611
3612
3613
3616
3617
3620
3621
3624
3625
3630
3633
3636
3639
3640
3642
3644
3645
3647
3649
3650
3651
3653
3654
3660
3661
3663
3668
3673
3676
3678
3681
3685
3688
3690
3692
3693
3695
3698
3699
3701
3705
3708
3709
3710
3711
3713
3714
3715
3716
3717
3718
3721
3722
3723
3724
3725
3726
3727
3729
3731
3732
3733
3735
3736
3737
3738
3739
3740
3741
3742
3743
3746
3749
3750
3753
3754
3755
3760
3762
3763
3766
3770
3777
3779
3782
3786
3787
3788
3789
3791
3795
3796
3797
3798
3801
3802
3803
3806
3808
3810
3811
3813
3814
3818
3820
3821
3824
3828
3830
3832
3833
3837
3838
3839
3840
3844
3849
3852
3853
3854
3858
3859
3864
3865
3866
3867
3868
3869
3870
3872
3880
3881
3888
3889
3896
3897
3898
3899
3908
3910
3911
3915
3918
3919
3920
3924
3925
3929
3931
3932
3933
3934
3941
3942
3943
3944
3946
3947
3950
3952
3953
3957
3965
3981
3986
3987
3990
3994
3999
4007
4008
4011
4016
4018
4022
4025
4026
4028
4029
4032
4035
4039
4045
4046
4048
4049
4051
4054
4056
4057
4058
4059
4061
4062
4063
4076
4077
4078
4081
4082
4083
4084
4085
4086
4087
4090
4091
4092
4093
4094
4095
4096
4097
4099
4102
4106
4107
4109
4110
4111
4112
4113
4114
4115
4116
4118
4119
4120
4129
4134
4135
4139
4140
4145
4147
4149
4158
4160
4161
4162
4168
4169
4172
4174
4175
4176
4177
4180
4181
4183
4184
4185
4188
4189
4190
4192
4193
4194
4195
4196
4197
4198
4199
4200
4202
4204
4207
4209
4210
4213
4214
4219
4220
4221
4222
4223
4225
4226
4227
4234
4235
4236
4240
4241
4252
4253
4254
4256
4259
4260
4261
4264
4265
4268
4269
4270
4271
4272
4273
4274
4276
4278
4280
4281
4284
4285
4286
4287
4289
4290
4292
4293
4301
4303
4306
4308
4311
4313
4314
4315
4316
4317
4318
4320
4324
4326
4327
4329
4330
4331
4332
4333
4337
4338
4339
4340
4342
4343
4346
4348
4349
4351
4352
4356
4358
4359
4360
4362
4365
4367
4368
4370
4372
4373
4378
4379
4380
4381
4383
4384
4390
4391
4395
4396
4397
4398
4399
4401
4402
4404
4405
4409
4410
4411
4413
4419
4420
4421
4424
4427
4428
4434
4435
4437
4438
4439
4444
4445
4447
4448
4450
4451
4452
4453
4454
4455
4456
4458
4459
4460
4463
4464
4465
4469
4470
4471
4474
4475
4477
4480
4483
4484
4485
4487
4488
4491
4495
4499
4500
4501
4502
4503
4504
4505
4506
4509
4510
4514
4517
4519
4520
4522
4524
4525
4526
4527
4534
4539
4544
4549
4551
4553
4556
4561
4562
4563
4566
4570
4573
4575
4576
4580
4581
4582
4584
4585
4587
4589
4595
4600
4601
4602
4603
4606
4609
4613
4621
4623
4624
4626
4627
4628
4630
4631
4633
4634
4636
4640
4641
4643
4645
4649
4650
4651
4653
4655
4656
4659
4667
4668
4673
4674
4677
4678
4679
4682
4683
4684
4685
4689
4690
4691
4692
4695
4696
4697
4698
4699
4701
4702
4705
4706
4708
4710
4712
4714
4715
4717
4718
4720
4721
4723
4727
4728
4732
4736
4737
4738
4739
4740
4743
4744
4745
4748
4750
4752
4753
4754
4755
4756
4757
4758
4759
4760
4764
4765
4766
4769
4770
4771
4772
4774
4776
4777
4778
4779
4780
4781
4782
4783
4785
4787
4788
4791
4792
4793
4794
4796
4798
4799
4800
4801
4802
4803
4805
4809
4810
4812
4813
4815
4817
4820
4822
4823
4824
4828
4833
4834
4835
4836
4838
4840
4843
4848
4849
4852
4854
4856
4858
4859
4861
4862
4864
4865
4866
4867
4869
4870
4871
4873
4875
4878
4879
4881
4882
4883
4884
4888
4892
4893
4894
4895
4897
4901
4902
4903
4905
4906
4907
4908
4910
4911
4912
4916
4920
4921
4922
4926
4927
4928
4929
4930
4933
4934
4936
4938
4939
4940
4941
4942
4946
4956
4958
4959
4960
4962
4964
4965
4966
4969
4970
4971
4973
4975
4976
4977
4978
4981
4984
4986
4987
4990
4991
4993
4996
4997
4999
5000
5001
5003
5004
5006
5007
5009
5012
5015
5017
5019
5021
5023
5034
5038
5043
5045
5046
5047
5049
5051
5061
5063
5065
5066
5067
5073
5074
5075
5076
5077
5078
5081
5082
5086
5089
5090
5092
5093
5095
5096
5097
5101
5102
5103
5105
5111
5112
5113
5118
5122
5125
5126
5128
5129
5131
5134
5138
5142
5143
5144
5145
5151
5157
5160
5161
5163
5166
5169
5170
5171
5173
5174
5175
5176
5177
5179
5181
5185
5187
5188
5190
5191
5192
5193
5194
5195
5196
5198
5200
5202
5207
5215
5216
5217
5219
5220
5224
5225
5227
5228
5229
5233
5237
5238
5242
5245
5248
5249
5252
5254
5257
5258
5260
5262
5264
5267
5268
5273
5276
5279
5281
5282
5283
5284
5285
5286
5287
5289
5291
5296
5298
5300
5301
5303
5306
5307
5308
5311
5312
5314
5316
5317
5318
5326
5327
5328
5330
5331
5332
5333
5335
5336
5338
5339
5340
5342
5347
5348
5349
5350
5351
5352
5353
5355
5356
5357
5358
5359
5360
5361
5363
5365
5366
5368
5369
5370
5371
5372
5374
5375
5376
5377
5378
5379
5381
5382
5383
5386
5387
5388
5389
5390
5391
5393
5396
5401
5403
5404
5405
5406
5407
5408
5409
5413
5414
5415
5416
5417
5423
5424
5427
5430
5431
5435
5436
5437
5438
5440
5445
5446
5447
5452
5453
5454
5456
5457
5459
5461
5463
5464
5465
5466
5467
5468
5469
5470
5471
5474
5478
5479
5480
5482
5483
5485
5487
5489
5490
5491
5493
5494
5496
5498
5499
5500
5501
5502
5505
5506
5507
5508
5509
5510
5512
5514
5515
5516
5519
5521
5525
5529
5530
5531
5533
5534
5537
5538
5539
5540
5541
5542
5543
5544
5546
5547
5548
5549
5551
5552
5553
5555
5556
5557
5558
5560
5562
5563
5564
5566
5568
5569
5570
5571
5573
5574
5575
5576
5577
5578
5579
5580
5581
5582
5583
5586
5587
5590
5591
5592
5593
5594
5595
5596
5597
5598
5601
5606
5607
5609
5610
5611
5614
5615
5616
5617
5618
5619
5621
5622
5623
5625
5627
5628
5629
5633
5638
5640
5644
5645
5646
5651
5652
5654
5655
5658
5661
5662
5663
5665
5668
5670
5672
5673
5674
5675
5676
5677
5680
5682
5683
5684
5685
5686
5687
5688
5689
5690
5692
5693
5697
5698
5699
5700
5701
5702
5705
5706
5708
5711
5713
5714
5718
5719
5720
5721
5724
5727
5729
5731
5732
5733
5734
5735
5738
5739
5740
5742
5743
5745
5746
5749
5750
5751
5752
5753
5754
5756
5757
5761
5765
5768
5770
5771
5772
5773
5775
5776
5778
5779
5782
5785
5786
5789
5790
5792
5793
5794
5795
5796
5797
5798
5799
5800
5801
5803
5805
5806
5807
5810
5811
5813
5814
5815
5816
5818
5819
5822
5823
5826
5827
5828
5830
5831
5833
5837
5838
5839
5841
5842
5845
5846
5847
5848
5850
5852
5854
5855
5856
5857
5858
5859
5860
5861
5863
5865
5866
5867
5868
5869
5872
5873
5875
5876
5877
5878
5879
5881
5882
5883
5886
5887
5888
5891
5892
5895
5896
5897
5898
5899
5900
5901
5902
5903
5904
5905
5911
5912
5915
5916
5917
5918
5919
5921
5924
5925
5927
5928
5930
5933
5934
5936
5937
5938
5939
5940
5941
5942
5943
5944
5945
5946
5947
5948
5953
5954
5956
5957
5960
5961
5962
5963
5965
5967
5968
5973
5976
5977
5978
5980
5981
5982
5983
5984
5985
5986
5987
5990
5991
5992
5993
5995
5996
5997
6001
6005
6007
6009
6010
6011
6012
6013
6015
6016
6019
6020
6022
6023
6024
6025
6027
6029
6033
6034
6038
6040
6041
6043
6044
6045
6049
6051
6053
6054
6056
6058
6060
6061
6062
6063
6064
6065
6067
6068
6070
6073
6075
6076
6077
6078
6080
6081
6082
6083
6084
6086
6087
6088
6090
6091
6093
6094
6096
6098
6099
6100
6101
6102
6104
6106
6107
6108
6111
6112
6113
6117
6120
6124
6125
6126
6128
6129
6130
6132
6133
6134
6135
6136
6138
6142
6143
6144
6145
6146
6147
6149
6151
6152
6153
6154
6155
6158
6159
6161
6164
6165
6166
6168
6171
6172
6174
6175
6176
6177
6178
6179
6182
6183
6185
6187
6188
6190
6192
6198
6200
6202
6206
6207
6209
6210
6212
6214
6215
6216
6217
6218
6220
6221
6222
6223
6224
6226
6227
6228
6233
6235
6237
6238
6239
6242
6243
6244
6245
6246
6248
6249
6250
6251
6252
6254
6256
6257
6258
6259
6260
6261
6262
6264
6265
6266
6267
6268
6269
6270
6271
6272
6273
6274
6281
6283
6284
6287
6288
6290
6291
6292
6294
6296
6299
6300
6301
6303
6304
6305
6307
6310
6314
6316
6319
6320
6321
6324
6325
6327
6328
6332
6333
6336
6338
6339
6340
6343
6345
6348
6351
6352
6353
6356
6357
6358
6359
6360
6361
6362
6364
6365
6366
6369
6372
6373
6376
6379
6383
6384
6386
6387
6388
6390
6391
6396
6397
6400
6402
6403
6404
6406
6407
6408
6413
6414
6415
6416
6417
6419
6420
6422
6423
6424
6427
6429
6430
6433
6434
6435
6436
6442
6447
6448
6449
6450
6451
6454
6455
6456
6457
6458
6460
6462
6463
6465
6466
6467
6468
6470
6480
6481
6484
6487
6492
6493
6494
6495
6496
6497
6498
6500
6503
6504
6507
6508
6509
6511
6513
6514
6515
6516
6518
6519
6520
6521
6524
6525
6526
6529
6531
6532
6533
6534
6538
6545
6546
6548
6550
6551
6553
6554
6555
6556
6557
6558
6559
6560
6561
6563
6564
6565
6566
6567
6568
6569
6571
6572
6576
6580
6582
6585
6586
6587
6588
6589
6590
6591
6592
6593
6594
6595
6596
6597
6600
6601
6602
6606
6607
6608
6609
6613
6614
6616
6618
6623
6624
6625
6632
6633
6634
6635
6640
6642
6643
6644
6645
6646
6647
6648
6650
6654
6657
6658
6659
6660
6661
6662
6663
6664
6665
6667
6673
6674
6675
6676
6678
6679
6680
6682
6683
6684
6685
6686
6687
6689
6690
6691
6695
6698
6702
6704
6705
6706
6707
6708
6709
6712
6713
6715
6717
6719
6720
6722
6726
6728
6729
6730
6732
6733
6734
6735
6736
6737
6739
6741
6746
6747
6748
6749
6750
6751
6753
6754
6755
6756
6757
6758
6759
6760
6761
6762
6763
6764
6765
6766
6767
6768
6770
6771
6773
6775
6777
6778
6779
6781
6783
6785
6787
6788
6790
6791
6793
6795
6796
6797
6798
6800
6801
6802
6803
6804
6805
6806
6807
6809
6810
6811
6812
6813
6815
6817
6818
6819
6820
6821
6822
6823
6825
6826
6827
6828
6829
6834
6836
6837
6838
6839
6840
6841
6842
6843
6844
6845
6846
6847
6850
6852
6854
6856
6859
6860
6861
6862
6863
6865
6866
6867
6868
6869
6870
6871
6872
6873
6875
6877
6878
6880
6881
6882
6883
6884
6885
6887
6888
6889
6890
6893
6895
6896
6897
6899
6900
6901
6903
6904
6905
6908
6910
6911
6912
6913
6915
6917
6922
6923
6924
6925
6927
6928
6929
6930
6931
6932
6933
6934
6935
6937
6938
6941
6944
6945
6947
6948
6949
6950
6951
6952
6953
6954
6956
6957
6959
6960
6961
6962
6963
6965
6966
6967
6968
6969
6970
6971
6974
6975
6976
6977
6978
6979
6980
6981
6982
6983
6984
6985
6986
6987
6988
6989
6990
6996
6997
6998
6999
7001
7002
7003
7004
7006
7012
7015
7018
7020
7022
7023
7025
7027
7028
7029
7031
7033
7035
7037
7038
7039
7040
7044
7045
7048
7052
7053
7054
7055
7056
7058
7060
7061
7062
7063
7065
7066
7067
7070
7071
7072
7074
7075
7076
7079
7082
7084
7085
7086
7087
7088
7089
7090
7091
7092
7095
7096
7098
7100
7101
7102
7103
7105
7108
7109
7110
7112
7116
7118
7120
7121
7123
7124
7126
7127
7128
7129
7130
7134