4388
4017
2444
3954
2107
402
1542
3759
1508
3573
4830
5259
3552
3734
3922
5305
6367
1301
3667
4666
20
3825
3245
3608
3893
4594
1307
4166
4224
2374
603
2828
1319
1452
824
5208
5048
4065
5053
6452
3967
604
2321
1285
1286
3927
4914
1330
4136
5488
3561
2416
6311
3847
3586
3968
5302
4036
4784
4543
5204
1237
5443
4296
1368
3975
3850
3781
1729
1690
4647
3973
1718
4075
6115
4542
5212
3551
141
4030
1560
4074
4244
7049
1988
2103
3955
3652
3895
4816
4173
5027
3657
4554
4250
6697
1514
2849
4131
1526
4607
3773
5165
66
4913
3960
4066
5649
130
3983
3970
4545
3959
4604
3554
4345
3940
3530
4693
5016
4955
3902
3751
5319
3916
1458
4598
4242
6329
1471
2456
1423
4072
4159
4593
4442
5428
4031
1228
206
4707
2433
3601
5410
74
1397
3610
4762
1571
5559
6059
6079
1310
5072
4924
2198
4586
3976
426
3980
3555
4117
4037
4151
4374
4531
31
3978
4243
4877
5906
5545
4353
4079
3672
6298
1315
178
4237
1500
5087
4494
5292
3843
6621
5201
1785
1779
1559
3834
5321
1148
5477
5666
4232
4371
3783
6232
1461
6196
15
3913
43
4512
38
3805
5294
2401
5132
6048
1505
5679
2784
3618
1014
3956
1359
3638
1391
3680
3556
6322
6530
5064
1927
5297
5395
6681
5524
2
4038
4416
4461
55
6276
182
2634
4855
5210
5696
4518
1620
2098
6794
4670
2335
6203
3515
4572
1875
6610
1612
6050
4394
4231
2432
6543
6666
1828
4208
3691
4336
5481
4024
3995
2141
6139
3785
5522
3883
5182
5158
2439
5084
1535
6313
6570
6914
3765
2343
3700
4015
1295
5653
129
2455
112
3769
3671
1796
826
5098
5295
4663
5955
202
1786
5184
3906
5223
4662
6506
5244
5008
4661
5263
1649
1418
4013
3845
5130
4255
4654
39
4657
36
3793
4532
4703
4429
6547
4003
2326
6297
4012
4
278
5135
4638
6992
3962
6668
4414
6377
6486
2899
5014
4385
1530
1808
6973
6491
6501
4949
203
3875
3972
5057
4098
4100
1820
4363
3591
3744
4071
4128
4443
3771
2781
3706
6693
4957
1369
1257
3513
4773
4430
1316
3712
4205
6710
6972
5080
2040
5536
5433
4004
283
1527
6026
3988
515
1677
4436
105
4067
6309
4889
3977
5154
4179
6439
1609
5439
3774
4826
763
1513
5853
3958
3656
3862
4422
1454
5334
4433
5060
3683
6920
4156
4874
1647
1388
3792
1320
3628
6745
1541
4904
3992
2069
1324
1377
5716
5755
4334
2868
1545
3996
1556
3878
4212
3728
1282
5094
3817
3112
4299
3877
5364
1994
3017
1459
135
1637
1662
5186
6395
1157
5091
5271
3886
4239
409
3841
4898
6718
3948
3614
307
4165
1304
6742
3935
4130
1387
4440
7026
3420
3921
3974
6604
6446
5762
3961
4853
4528
3665
2230
5162
6848
5068
4143
4709
4309
4665
6234
4105
1317
3903
4386
4126
4511
212
132
4535
4767
1579
3991
6510
2151
2850
1292
5344
1381
3643
1794
6000
6432
4382
5153
4009
3784
60
4216
6942
40
5167
88
1627
1551
4660
6014
4258
5232
6411
156
6537
3758
2088
1450
6204
4121
3984
6393
3523
816
2846
4538
3748
4275
1626
3553
2807
5256
6641
1525
4860
1425
3993
5703
6477
5890
5715
2383
5862
1456
4546
5274
6335
4073
3892
6295
262
4229
6478
6703
78
3905
4479
2451
6342
3532
4610
3836
6630
4247
1396
5320
242
4124
4775
3882
6619
4457
3703
2420
5784
4994
5909
3914
4393
1485
401
3936
1946
5032
440
1345
1417
1593
346
152
4983
5024
3622
5952
2795
4915
6731
5035
7
2935
1536
6577
3026
4010
5325
834
5025
1323
4263
34
5031
1822
4478
4498
65
1337
3568
5503
5726
6279
5028
4344
5660
121
4279
429
4557
6574
3794
5849
6853
2387
5748
2325
4675
2323
175
5039
1293
3807
3686
6544
4985
100
4818
4992
5079
4622
166
5730
6617
4041
6636
5808
3879
1596
7059
4138
7021
99
2355
4089
1510
5520
3804
3538
1261
5475
3939
4850
4731
4350
1451
1262
104
4671
2875
3572
4664
2937
5929
4945
2339
6849
1821
4101
6399
3776
1582
5736
2673
4719
4005
2865
3848
5550
5643
4886
5121
3997
1284
2490
4919
4931
5650
162
176
4021
5821
5218
2816
434
3569
2061
4167
5885
5139
3659
23
120
6225
21
3800
6814
6194
4476
5266
4935
2471
5473
4579
5518
4761
6323
5324
5747
6505
4040
3772
4403
3598
1009
1309
6162
3891
2594
3831
6916
1492
6858
1392
4042
6122
4462
298
159
5889
1971
2149
3562
5277
3581
189
2340
4211
5523
951
2737
1751
3524
3829
6032
4972
1557
6018
5152
6539
3057
4839
4108
35
4295
5150
3049
7081
5343
3016
2824
7073
3191
1825
5278
4937
5149
3863
5631
3857
4831
5780
4588
4741
6541
4644
6003
3819
5817
4307
5137
4375
6302
5926
6201
892
3985
62
7047
1870
5029
2863
2133
1331
473
4123
5565
5036
6066
3293
4298
5843
3979
1501
5667
2010
6489
4249
119
3547
2812
6148
27
3127
6405
3768
2963
1862
4050
6121
5836
51
6626
3969
4257
4137
4530
64
5127
3679
4947
3153
114
4763
3874
4055
1442
4808
6169
2294
3580
2955
6784
6280
4215
5042
3178
5935
2938
316
5205
615
4070
4559
6552
2869
4891
1984
3894
5656
3842
5979
5462
663
3998
4508
1522
1524
4529
4001
5213
3923
4611
5141
5448
5910
7093
405
415
1655
4842
4746
393
6308
6876
4423
933
2905
5240
6579
2971
1660
6772
2514
4726
858
5572
4322
2084
5659
3566
235
6317
1523
6472
6886
5037
4571
451
956
4963
6517
2367
1977
3963
6946
1426
899
4206
5206
6562
1919
5322
5450
3533
5222
5632
5085
3170
6071
6230
5783
6453
3626
4407
3304
5599
6004
5451
1030
4687
4804
4228
2885
3020
3775
4967
4282
167
1478
4466
5110
5695
5809
5998
1696
2996
4446
4369
4944
2797
4605
1477
3851
1346
3527
1979
4053
6173
6189
505
2914
519
5106
1298
3757
3584
5710
1947
5958
3637
3780
195
314
2783
5760
1147
5444
6326
6669
2053
2370
4020
2117
1480
2320
1267
287
1805
3627
4729
5203
6363
5648
6123
5513
6074
952
7030
1481
4998
5251
37
6584
1868
3664
1276
1731
4312
1665
1737
4952
6958
2663
5235
6692
5172
5832
4887
4724
7032
1937
4300
266
158
6184
6444
6936
4153
2120
3971
1608
1892
4006
4574
2854
3855
1466
737
5136
1498
4019
1595
264
4406
370
4896
5442
4982
6808
6549
1326
2477
6490
7041
1849
6286
3799
194
1256
4786
3175
6331
3110
3548
3575
560
5804
1212
6350
4321
379
1847
4496
491
1552
2779
4400
5671
1000
1703
2943
4669
2031
1488
799
2237
1795
5392
4217
2058
3600
147
1709
1807
1670
3595
3860
6474
5337
4408
4814
4283
4238
3674
5239
6725
4968
5691
6799
445
1355
1563
1366
6479
4961
2951
4790
6002
4104
5913
131
5604
7106
2083
3846
1657
5140
300
2835
1342
4568
5400
709
414
4133
1386
811
1291
1300
5840
2092
4749
117
2605
1910
1258
467
6598
1616
1715
5083
5270
5932
6615
348
4294
5341
10
2612
269
6964
4730
6318
1299
3571
3061
41
1602
246
1351
1617
4686
4953
4829
6092
377
6488
963
5180
1734
173
5020
1666
6902
3217
4233
704
1854
7115
5608
6375
1589
5290
1619
4629
5511
5124
2976
4569
1479
1915
3550
335
2351
3540
6939
5120
219
564
3756
5030
5146
3599
7133
1265
3861
4597
5116
2821
5476
4807
4492
6909
2825
111
122
2872
3064
4171
1778
2214
2815
1332
4552
481
6994
290
6830
6918
25
5657
4711
6743
4751
5272
46
380
5115
2503
2447
4612
4550
4565
5728
7113
4615
4932
1389
3086
4044
3812
4230
6341
5527
4426
134
4821
3790
4415
4917
6879
1744
3413
6085
6906
681
1585
6170
5398
6483
6370
5183
4335
5851
6833
230
6181
4536
312
1658
1565
6346
1700
6627
177
44
4201
606
1654
3623
2926
3570
4489
5526
6105
4672
2813
306
3964
6714
537
1544
406
1661
3444
4047
5767
22
1443
2486
8
87
1178
653
5058
4389
4127
3336
4642
5812
2364
4590
5641
6344
2041
2348
2780
204
1354
1553
2832
4291
723
5265
3434
5288
4680
6782
102
1887
4592
4974
6116
7000
2834
6231
6354
1007
2012
293
5951
6205
1322
3347
5914
2861
6021
5835
1531
682
7099
2507
4725
4863
5041
5741
