5831
5981
6188
6198
6258
6265
6608
6683
6746
6834
6928
215
220
268
353
1018
1046
1049
1092
1128
1306
1631
1759
1801
2076
2632
2705
2866
2915
3001
4327
5718
5810
6129
6174
7001
4210
6271
28
533
629
969
1957
2015
2853
2892
4168
4222
4921
5122
5179
5248
5306
5673
258
618
697
702
1097
1132
1164
1168
1730
1813
2236
2349
2412
2560
2589
2625
2683
2693
2751
3219
3260
3419
3443
3896
4195
4278
4439
4760
4875
4933
5314
5482
5683
5752
5845
5925
5936
5943
6054
6086
6124
6424
6493
6667
6925
7116
1502
3160
4220
213
1028
1116
2078
2587
2691
2706
2758
2775
2823
3269
3475
4077
4223
4435
4595
5045
5258
5331
5356
5859
6010
6168
6190
6554
1063
2220
2417
3005
4383
5948
6102
6176
6497
6580
97
820
828
919
976
981
989
1032
1103
1217
1223
1241
1273
1473
1590
1719
1799
1953
2089
2123
2202
2233
2649
2698
2708
2859
3477
3647
3650
3695
4213
4317
4434
4685
4714
4843
5161
5285
5633
5705
5773
6713
6881
6976
7031
7065
2838
6804
172
257
303
375
417
432
646
855
1632
1683
2030
2187
2197
2260
2534
2546
2572
2642
2647
2749
2822
2993
3083
3084
3242
3319
3359
3435
3544
3642
3750
4271
4609
4613
4640
4911
4922
4997
5101
5735
5740
5785
6177
6365
6384
6496
6566
6590
6625
6766
6768
6797
7028
1566
2029
2731
4097
5169
6842
30
332
416
530
655
884
948
967
1060
1081
1211
1274
1361
1503
1610
1727
1836
2509
2724
2837
2840
2932
3074
3138
3223
3343
3356
3361
3468
4172
4241
4360
4785
5338
5833
5912
5940
5991
6107
6732
63
490
517
583
832
847
909
996
1069
1138
1180
1184
1790
1884
2113
2180
2610
2676
2695
2893
2930
3033
3199
3479
3480
4405
4732
4848
5430
5440
5501
5580
5721
5818
5852
6507
6520
6798
7072
7098
29
171
333
334
511
651
733
749
936
940
1027
1031
1202
1218
1242
1382
1624
1628
1725
2013
2082
2377
2384
2421
2492
2539
2600
2608
2633
2648
2672
2696
3289
3742
3918
4630
4643
5077
5188
5238
5287
5307
5540
5616
5618
5876
6034
6130
6251
6427
6722
6812
6825
6986
650
2342
2527
2768
3239
4878
6051
6261
5663
118
661
739
743
971
1053
1056
1082
1208
1243
1520
1756
1894
1897
1995
2111
2254
2366
2409
2550
2659
2792
2999
3511
4102
4214
4390
4736
4776
4981
5227
5242
5424
5601
6062
6158
6212
6287
6383
6633
6634
6985
1
463
472
574
710
764
838
865
1037
1075
1091
1156
1831
2213
2269
2656
2969
3398
3491
3690
3726
3838
4570
5138
5233
5279
5326
5414
5512
5521
5568
5984
6053
6096
6640
6753
128
188
190
272
327
725
773
782
893
896
1074
1117
1130
1163
1196
1385
1446
1573
1614
1653
1770
1800
1973
2036
2277
2363
2382
2411
2481
2570
2590
2777
2983
3024
3108
3187
3240
3275
3323
3381
3401
3442
3633
4082
4219
4252
4580
4817
4882
5388
5459
5562
5731
5898
6007
6075
6128
6217
6223
6607
6818
6875
6929
6971
6977
7029
7035
7058
4750
6336
108
143
388
775
914
1580
2488
2735
3325
3986
3990
4455
4502
4534
4641
4975
5173
5268
5408
5593
5800
6027
6101
6216
6264
6518
6585
6597
6893
6989
71
507
562
635
700
707
721
777
949
953
1003
1108
1264
1296
1618
1641
1835
1906
1920
2007
2022
2489
2569
2660
2903
3051
3249
3297
3334
3455
3496
4054
4083
4240
4303
5529
5581
5875
5877
5942
6159
6682
6777
6884
180
523
809
1976
2745
2793
3314
4306
4343
4743
6847
6868
70
181
225
344
347
392
407
478
669
679
735
819
861
872
946
994
1006
1008
1133
1141
1145
1198
1344
1548
1671
1765
1827
1886
2006
2026
2027
2193
2201
2250
2536
2566
2716
2910
2998
3101
3149
3220
3360
3387
3389
3458
3474
3858
3865
3881
3925
4084
4145
4158
4269
4358
4526
4633
4960
5086
5200
5336
5358
5366
5686
5924
5973
6136
6283
6291
6404
6519
6805
7053
7067
534
751
943
1024
1598
1601
1818
1998
2028
2425
2516
2626
2957
3148
3168
3208
3415
3438
3492
3739
3908
4022
4119
4959
5318
5466
5863
5978
6019
6022
6256
6595
32
486
962
1483
1611
2852
3093
4140
4865
5982
6319
6862
7006
7012
18
384
386
397
586
600
619
662
676
732
783
795
806
817
937
1038
1059
1073
1101
1123
1126
1161
1174
1187
1189
1194
1246
1277
1313
1486
1687
1743
1842
1869
1907
1996
2126
2152
2345
2398
2453
2547
2549
2559
2567
2658
2699
2740
2776
2870
2904
3095
3103
3133
3136
3230
3268
3348
3354
3369
3383
3436
3441
3625
3661
3708
3766
4035
4192
4349
4456
4483
5075
5143
5177
5187
5301
5564
5629
5701
5750
5881
6164
6172
6239
6270
6357
6462
6509
6557
6564
6821
6846
6878
6899
6912
7045
369
627
1989
3050
4207
4287
5357
5454
5627
5692
602
705
863
1122
1172
1876
1929
2071
2268
2380
2495
3120
3135
3303
3457
3522
3710
4086
4556
5658
5713
5786
6024
6166
6359
6388
6448
6951
7108
984
1166
2531
4270
4748
5571
6386
6730
356
480
483
715
818
1067
1408
2109
2118
2242
2497
2762
3078
3150
3247
3588
3733
4602
4897
4962
4964
5112
5142
5771
5848
5883
6771
6790
6941
45
56
84
350
366
383
471
508
521
527
688
802
851
903
983
999
1022
1026
1050
1068
1110
1115
1199
1224
1247
1711
1746
1806
1901
2188
2215
2293
2331
2371
2376
2414
2422
2504
2519
2533
2582
2593
2638
2681
2719
2730
2770
2804
2973
3058
3137
3234
3352
3371
3411
3417
3612
3640
3722
4016
4268
4835
4852
4873
4892
4956
5009
5353
5446
5509
5569
5901
5961
6001
6012
6016
6064
6391
6514
6531
6563
6684
6734
6803
6872
6900
6905
6984
761
2544
4691
4782
5583
6360
6820
223
500
1131
1547
1569
2368
2601
3075
4379
5371
5557
5575
5587
5595
6500
6841
7074
222
227
313
675
701
762
765
805
945
986
1036
1095
1143
1152
1200
1233
1236
1239
1275
1343
1347
1468
1476
1843
1922
2179
2402
2413
2452
2556
2571
2588
2599
2717
2844
2871
2888
3235
3311
3466
3476
3483
3493
3494
3502
3505
3520
3603
3668
3791
3839
4109
4235
4261
4445
4460
4484
4836
4978
5134
5342
5417
5542
5590
5611
5739
5801
5980
6161
6175
6272
6321
6675
6733
7020
7118
457
889
942
1039
2256
2757
3512
3806
4491
209
263
297
580
581
647
686
727
729
756
785
823
831
1077
1146
1165
1201
1214
1234
1474
1496
1532
1656
1809
1883
1962
2127
2195
2252
2310
2424
2431
2454
2463
2465
2505
2669
2715
2754
2764
2878
2883
2979
2988
3198
3256
3273
3321
3397
3405
3416
3485
3498
3797
3810
3947
4181
4209
4649
4659
4728
5001
5061
5350
5676
5685
5775
5866
5873
6043
6215
6246
6333
6454
6737
6895
540
567
1675
4373
5125
5693
6674
5
435
474
476
516
518
520
556
742
836
958
990
1065
1089
1102
1167
1204
1206
1216
1251
1414
1515
1574
1668
1678
1791
2106
2234
2248
2352
2562
2581
2734
2744
2968
3177
3212
3272
3367
3391
3439
3453
3488
3510
4095
4196
4311
4495
5228
5355
5438
5539
5544
5555
5757
5792
5805
5813
5911
5992
6135
6200
6316
6481
6679
6759
6795
6908
6932
6953
7085
7090
7102
7110
7134
136
339
371
477
494
692
915
1004
1061
1134
1151
1231
1235
1679
1697
1714
1739
1866
1898
1944
1967
1986
2002
2135
2512
2591
2674
2789
2856
2864
2989
3044
3181
3484
3489
3508
3509
3611
3743
3770
3833
3872
4176
4185
4197
4272
4338
4500
4656
4781
4861
4920
4990
5543
5548
5606
5895
6149
6165
6460
6635
6661
6704
6712
6750
6781
6915
6944
7062
599
854
1469
1773
1826
1912
2157
2199
2430
2611
3207
3215
3216
3486
3864
3952
4087
4092
4200
4204
4623
4692
5264
5463
5919
5985
6146
6521
6844
289
745
1964
2204
2265
2299
2496
2940
3738
4028
5225
5796
5803
6015
6529
6741
6888
6889
6933
394
687
746
1635
1764
1877
2273
2631
3186
3310
3943
4058
4331
5262
5661
5846
5896
6348
6352
6654
7060
804
1169
2305
2542
3448
3870
4715
4881
5370
5401
5596
5772
5882
5903
6192
6559
6691
6954
