196
1002
3170
1582
1515
1595
655
2221
3265
2324
318
5129
3153
1092
3321
1451
1321
2334
2344
1632
1387
1594
3466
5151
2282
1017
1872
4696
3330
179
3053
1920
3316
6048
652
1664
1048
3301
438
282
5890
3280
1745
2074
1427
1130
3241
4927
4368
1016
2845
2943
14
3573
1489
1602
3168
3061
1929
2342
9864
83
1516
8801
7260
391
2854
5168
1545
1502
4122
51
3479
548
3318
3239
6061
85
1517
3806
3430
1012
4709
1691
1913
917
6051
3371
1021
5023
3355
3932
1557
2169
4370
1013
1405
2851
2286
1932
2349
2391
275
2279
3540
654
1009
3331
5754
3048
2364
5136
1521
2940
5148
1503
1663
437
356
1007
4235
8204
1031
1006
3058
3210
1400
1030
2392
5316
468
2066
5878
3
292
6032
6035
1375
3547
1027
31
157
1855
34
1409
185
648
575
8233
3522
3894
1176
1005
8283
7564
3194
94
60
7286
1523
1040
5421
2223
95
41
1910
3029
5899
1591
3545
4713
5167
1084
5141
68
3171
1010
5144
5758
1821
7548
98
10267
2325
10704
4714
6055
4943
5266
1441
3237
3152
3309
3298
3611
10099
1100
1484
3320
3184
3336
907
1623
6903
430
3524
2897
53
111
1627
1158
2306
2911
4340
4315
3285
5809
3308
3484
1596
55
4096
1124
1480
1615
1125
1899
3272
1426
143
3537
4084
7270
2168
7321
2151
5131
1104
1669
4823
2362
474
9800
2957
3006
3227
412
2104
5397
3879
745
4372
365
2086
7624
1089
1278
5252
2804
4120
3534
3438
5981
1797
1442
310
9232
3191
7283
3490
581
1501
5750
5893
316
7427
3323
99
506
812
9208
3657
1853
8799
5688
3349
5784
1396
3275
2797
3180
11
5820
3433
783
3436
7394
3274
5152
9957
1488
5605
3435
7159
2408
38
1590
1378
2798
4260
4729
1534
10063
2948
3177
1465
3010
4741
6274
2085
2390
5704
3351
7210
1547
3220
7227
247
473
1072
1322
504
3453
5192
4770
340
1497
5028
2820
1218
1587
320
1585
8813
2883
2321
7426
3464
1549
140
1639
4818
3235
1530
71
1552
9202
5604
7542
5780
637
3600
3954
3381
58
27
9476
4234
3684
7459
761
1038
1390
544
3592
3541
288
7793
10021
47
1418
622
4317
3864
8688
1962
3688
662
1762
4907
5856
6068
10607
3553
687
567
1018
3596
8101
1047
2814
9201
5007
2224
10393
4687
627
1524
1600
4720
5711
1436
3632
1628
139
39
4236
2284
664
5186
213
5176
3458
2285
1417
1180
3955
164
770
3196
3013
527
4288
2868
5381
746
221
3475
1833
2996
3659
3948
1327
3379
793
820
5245
2818
870
9629
10
2393
8127
2216
1597
1395
3163
209
1536
1630
1540
3474
1
1399
1624
3094
4896
5447
3498
4736
4237
2304
3319
5883
5782
181
1374
258
8274
3345
6298
7277
2853
11877
9831
605
2841
3442
2225
1633
1642
1243
9826
3499
202
7590
1449
1934
284
3059
6353
1798
9947
5881
7353
9813
3653
3554
5358
7011
2630
5703
5451
1864
4984
6043
4694
6656
1147
2149
7412
11829
9205
9806
1458
5833
12121
306
3612
8413
453
4938
561
5145
182
3228
7562
169
3251
2332
8415
992
10426
6433
3890
3015
800
1748
1749
12211
3502
1634
3216
5146
1042
2687
8856
3712
261
1049
30
1672
4862
3183
3579
5366
3178
11874
1773
3728
6287
4830
1025
3914
4406
4293
2148
4097
9796
3101
1370
9183
10140
5
5591
3614
641
7008
2069
3565
5359
3913
7291
8412
946
2236
4332
1079
3299
4825
2951
62
7550
4707
1367
8108
236
4780
9196
5255
3515
2309
553
5852
9627
3440
8343
7613
3504
3439
2365
7465
6360
1448
9245
2867
5018
1509
9664
4346
6371
2879
1930
1808
346
1460
1764
829
1129
3844
2955
462
10471
6006
7349
1548
6413
394
728
4316
6473
3941
677
338
2925
6366
3002
7738
408
665
8234
503
4792
5781
9161
5739
3507
8273
7628
2231
3370
7750
7561
1891
2876
1654
3295
9553
401
1039
2930
1936
1505
8831
5388
5434
1111
3192
4256
1337
869
3039
4324
6367
1923
1283
235
1498
5308
2825
1429
3732
9442
3449
5433
6402
4259
124
1058
3698
1138
3255
512
481
8
5786
4722
926
8488
1265
3204
3291
12140
7547
2896
3361
11692
501
1026
6500
1947
10064
4255
2377
4093
3190
5127
10137
422
73
5728
1143
909
6034
403
447
6054
5468
517
8251
4771
147
930
3198
10636
3367
4772
2211
5580
7031
2960
1046
2915
3536
809
8291
3333
10120
3225
659
2280
511
2890
1819
10640
471
2185
127
585
3000
4851
1554
5817
5376
3829
3446
1145
515
9950
484
3205
270
7033
11658
3175
2179
204
7742
44
705
1481
7298
3444
4343
6282
7970
2109
3905
5372
415
6424
178
4350
1077
9219
667
4959
5900
1087
4793
3167
3242
9822
1421
6499
7462
691
1019
3491
6584
3390
9488
8428
920
1425
2898
3201
8238
12371
3211
6494
4000
3448
4683
5019
7275
8805
3431
2821
696
4228
6419
9496
8564
6605
6023
6386
9535
5682
7368
3923
3297
821
1432
3893
11709
1452
4229
7614
5865
7532
7259
931
3741
6041
3701
688
5956
1482
4319
7896
5955
1796
3007
2228
9897
856
4773
3037
3770
3478
2875
1874
7684
4841
9622
9470
428
3429
7552
3123
7344
9593
183
158
7486
3501
5594
3487
10321
2397
3521
1889
6468
3276
5150
129
5257
3296
8845
1588
1134
11466
9184
8272
3851
3639
5264
246
5201
9795
1280
7707
734
1023
3459
66
6405
103
3372
331
7371
3410
7469
8472
150
3189
360
3952
3176
1956
3589
4342
3580
7787
3635
5777
3581
3686
526
3482
7432
11230
6348
3447
487
3801
2298
7281
2146
7317
2934
4098
4740
4085
9773
3334
6625
2090
7284
8673
9817
1127
6372
8550
5457
1490
5005
7443
4337
4939
411
1662
4945
5143
6049
5330
7857
7356
991
8841
10048
8290
1310
3568
9456
2120
7265
1493
0
16
1903
1402
2625
12621
871
1667
4981
4272
8468
7770
3729
6284
1810
8691
431
2887
1519
10608
3028
1131
2799
5951
2998
3281
1953
1408
8804
188
5602
336
619
3457
3253
1052
1838
5474
5690
7266
420
5222
8098
9278
4769
279
3290
7278
4408
3714
2281
4902
64
4742
12313
7209
1371
1685
3305
3508
1574
308
2989
3424
3519
348
3257
8253
2287
4086
9159
11020
4213
9912
697
5520
5385
328
8142
785
7761
1908
7875
9529
1918
3526
4724
1747
5894
5184
5405
5898
7261
5459
2801
4804
6772
6345
9175
3412
1629
3337
7674
1586
7657
3328
4801
4808
1508
6679
3797
676
7329
1190
5960
3218
10564
2101
4774
6302
1179
2296
4937
8099
2129
10155
11931
9955
2512
2971
8146
1814
3531
7595
6560
7289
10037
10544
3485
7207
5324
6300
113
195
3114
1150
8446
2394
8082
3618
5847
5997
8864
149
3051
1837
5582
4970
5789
2311
4788
5791
254
2202
12097
3640
3760
10121
12204
1648
229
4253
3368
3269
12227
241
3586
12038
9975
1233
10160
11929
591
9165
7495
8724
1297
620
5716
9452
121
3035
3677
4339
701
7630
3202
3467
5928
8731
1128
9186
769
33
724
1060
2888
1098
3421
642
1825
2128
5700
11708
7446
3292
10388
488
4802
4857
5253
4795
12168
4001
5876
8701
436
3652
4088
1692
4716
8114
6559
7880
640
37
805
4282
12159
3505
5453
2847
9900
52
4246
1616
9422
7175
951
7774
2935
4764
651
128
8829
1513
1720
11876
1159
5519
559
3530
9977
684
6587
3587
1004
3655
9206
6415
11733
2375
760
2059
6718
6008
7217
521
9166
11263
3676
6776
5904
9339
2877
4861
8853
2931
2134
8757
3406
1666
3154
3683
6803
8366
11957
554
11161
12
3562
6019
1382
7633
2062
8480
3471
9455
234
7679
5174
5326
4817
5437
10101
700
6707
9879
690
429
866
4123
535
2440
9445
3206
5170
9564
6847
3710
7960
3185
3595
2353
3324
10613
1576
5288
5608
7724
2110
507
5290
7647
9216
1631
4852
1506
2924
1550
1324
1626
10448
8729
732
1373
5432
5542
11255
663
10906
7220
7212
10428
12507
2237
2860
6659
7481
2922
6531
5205
5460
7530
3647
10080
9614
617
707
1518
6011
4832
4291
1126
137
107
10287
3203
6352
4107
644
740
1178
11003
10308
1535
8363
3630
4210
7476
1075
4092
8131
11274
10159
850
5731
6465
6565
3107
9880
10981
4746
10539
5223
5838
910
3556
12838
10641
11462
1922
6329
7559
726
1921
1803
1551
1369
502
10059
8557
1494
2246
190
2622
1446
5175
432
10036
811
4089
8693
1014
851
3304
7544
8764
9658
9587
6004
6550
1132
6324
8254
2102
2312
6325
5299
5733
1063
2932
5723
6563
11047
1199
12412
1029
3120
491
1902
912
12425
6059
3693
7482
4883
153
10377
3389
9815
1583
3486
3910
10684
781
5792
7926
4909
5439
5629
5880
8708
208
552
3258
1457
4257
8681
5262
130
6824
5808
763
1487
932
1886
8298
6773
8364
4207
2871
4219
367
8107
9659
212
2986
6435
5861
6935
11524
3450
4964
3944
2164
650
5707
11043
1330
2272
4100
1205
132
7348
4754
5207
8474
12336
410
393
3187
4374
1406
896
12592
12000
2240
4695
5603
2301
3215
7254
11910
10180
10254
4378
8762
9204
8404
7618
695
2288
8795
801
424
9263
11207
5243
1071
2540
563
5815
7102
1688
12598
8857
600
583
3673
5306
1809
240
3173
8803
119
631
1107
4750
12294
6686
7598
13608
4766
5242
11895
12114
2836
2949
7417
1445
5169
12014
3601
9162
10262
5695
9605
3776
1537
10390
9930
207
4850
9189
13213
513
290
1499
6320
710
730
2991
4335
4686
5414
1963
461
10657
6407
3016
1404
3273
466
13276
5549
3207
3212
7747
7705
1059
1101
4982
9246
7543
1643
819
886
2927
4314
5699
4294
11612
615
8278
9967
8866
3393
2071
2135
8271
8725
9497
9549
5642
8261
4211
82
2993
12380
498
2350
3610
1139
6053
3052
3465
3637
11858
590
9207
9984
3552
4356
9434
6457
741
5270
5601
3322
6797
4087
8695
11663
5281
4893
2621
3666
3164
9536
1752
7335
6580
703
6519
7751
3525
2983
492
1032
5413
7401
8654
12450
20
3805
9210
625
5142
12756
3839
3564
4783
10055
122
1024
4258
9466
6706
3195
5632
8245
7760
10481
117
685
5419
6512
3364
219
4710
3004
7312
300
834
8381
3093
6993
884
2341
6610
9217
1492
7714
2125
2812
11171
1188
3247
874
5082
7652
2358
1444
6343
1234
9209
10050
11205
3267
1207
7702
4781
8262
3506
11832
1746
5295
7972
7028
8861
12567
5813
5476
12320
914
4738
5810
141
10090
3356
10642
2968
4090
8359
9211
2331
3270
4794
7334
8370
9591
10039
2981
9621
519
3230
4113
1096
3266
1357
7869
3520
5415
10587
11878
3555
2336
3342
4300
5848
6723
3695
774
2132
2800
5545
13063
6017
5235
7627
12764
4369
3650
9556
12039
12386
1149
3221
5221
12632
433
2089
5947
10009
1022
1108
2276
8252
1086
5788
9644
1491
3512
3953
5752
5986
6508
13389
9619
594
1073
10773
2297
1054
1815
3197
11286
3480
593
5417
8237
1854
2523
5445
6852
12440
853
5231
9441
5076
1264
1817
2226
1117
29
3193
5687
2849
3468
5693
6568
8546
11235
6698
7510
5354
13252
10035
1598
2126
4082
7515
3055
7396
1151
4320
3899
10842
1478
2198
4373
6930
203
9903
10441
751
10288
1372
3208
2878
2088
3739
7608
8217
8815
4684
5387
402
1527
3926
7535
427
2973
3186
7366
1228
3223
9179
76
2258
2249
5181
7549
8758
5349
3582
6769
560
6418
873
6529
8157
8755
10067
262
9589
12245
859
1916
1070
1870
7720
2092
24
4798
5927
5224
9940
11054
3476
3517
6895
2118
2844
4371
1514
11674
3736
6684
6479
3262
858
2926
7438
434
4900
18
557
3489
11204
12296
4271
7296
9666
8288
11155
12233
13004
5879
135
666
1589
8190
4820
6067
721
3347
7471
3606
7853
3462
3857
13733
13804
1078
2302
3456
4690
6712
1584
11653
1365
4331
12300
7268
5356
2886
5897
849
2457
7681
5972
857
3289
7991
435
486
2269
1665
6015
8111
686
7744
330
1525
4127
5389
4734
4214
694
4973
10249
10322
2293
5126
5128
3286
9430
10397
4265
7745
9687
10309
10909
7602
7616
1061
1799
6392
6601
2097
42
791
1954
3689
10665
6863
514
2554
6301
8239
7509
10780
8362
7553
1485
1677
239
5926
6423
10400
125
264
1227
3678
6467
12327
8109
8437
1198
4941
7280
3026
3920
8143
717
3018
12037
11400
115
3222
6820
7837
120
1099
1295
3199
5988
8249
9255
10316
2944
6007
7568
9775
10134
4285
1904
1329
12314
537
4692
7392
172
9805
102
3796
4840
4274
6401
5636
9251
1816
2124
2348
2244
19
12986
2116
3350
7386
12519
6596
6597
8235
11189
818
2352
2241
11884
10065
6010
11776
14181
78
3560
6290
5864
11463
11711
12408
11925
4899
3240
7629
353
835
5882
7299
9182
10535
2379
5759
6510
12093
6412
12195
12501
14151
8164
986
131
1336
5588
12274
154
714
314
9525
10270
136
2885
2975
7139
11196
799
390
3550
3722
8073
3008
5227
6293
10147
4322
2987
5449
1428
2579
3022
3493
7248
7924
9945
10486
11774
12787
10572
843
7620
12325
674
5177
2863
10449
12362
1097
804
3815
6901
10728
199
845
1267
3441
5217
10246
12354
6807
8794
1065
2130
5206
5943
9871
7508
9828
3217
9954
1625
1893
601
3709
516
1901
9193
1483
3777
4854
3951
5801
12017
4224
7450
12070
4723
7763
808
959
6009
14146
418
1398
3603
3617
5462
5579
9181
11211
6331
5304
54
440
1682
3528
669
1036
5238
9583
1740
3224
5734
8170
8830
5785
1744
1943
2918
4789
4843
5373
8847
9230
12626
12852
3853
4912
8165
947
1804
2824
7696
7783
10667
3374
2235
3733
7425
1088
6437
10142
3912
8852
12974
925
3219
5706
3699
7314
10479
4735
12473
4124
11202
112
1542
7773
8964
1184
3353
3557
6420
3669
12448
1311
2150
2899
3613
4731
5133
6375
7010
10276
297
7279
7878
13110
4864
7690
497
797
3398
11236
6365
9168
7478
7829
1106
1673
3181
5132
6848
7402
4231
4831
12428
12842
13326
12272
10722
210
3169
3523
4700
5258
7706
12312
7766
4721
7578
8188
11347
9909
4212
12396
5532
10698
1865
5751
2373
6907
3538
5088
6012
6449
3099
1080
5317
1356
2209
3054
5846
10620
3264
6840
8092
11945
3981
6022
6478
9164
10849
11830
11896
2113
6970
5958
11951
12299
3784
5458
4311
2627
327
863
5973
11912
322
582
1844
9524
9550
9586
4821
3229
3260
3620
4038
12094
5195
1119
3023
3238
6642
9169
9191
3376
7839
3950
6687
10545
11600
6960
7980
3310
4858
11924
7581
7607
12149
14166
826
3616
8842
11550
6633
1414
4023
5286
5363
8292
9640
5075
6699
227
1737
3576
5800
13484
5720
8791
12307
1338
4329
8103
494
5232
10130
9462
11921
6739
10574
12220
709
2144
395
3706
11254
7447
426
5017
11042
7830
12012
12528
12684
280
5368
10258
9837
6052
8809
8820
4824
10416
3161
3664
2091
6556
5598
12083
299
1925
2806
5409
7333
7648
860
2095
1721
3854
5407
6976
7660
10596
9997
4806
5923
11018
3327
2856
7453
8797
369
7502
4787
5971
8439
9974
364
718
405
3891
5742
8792
10457
5450
4881
2184
326
4878
6761
11657
12173
1320
2347
578
1103
1403
5541
3734
6040
11390
693
1093
5755
9458
3329
4681
5940
633
653
9432
3397
3019
3788
4743
11518
12230
14569
7499
1960
3572
3867
6031
5353
11203
2307
7556
8723
3400
10074
3539
5745
2874
337
5858
3649
6408
8123
8365
10079
10595
5291
5873
12816
11977
983
6871
6913
10253
12502
9827
225
3315
5147
956
1686
2207
5702
6425
7580
8424
12589
12263
9669
4341
5193
7538
12843
110
5329
7741
9956
7103
5312
556
1641
1924
4128
6727
6796
11873
3396
758
3607
5722
6691
6865
9579
10020
9660
10098
1440
3009
10408
2372
2803
5200
3373
11275
1479
9188
7233
12303
6858
2140
2181
2828
6018
9530
10604
11620
3940
13126
1195
1765
2197
3271
3583
5680
5735
5342
7322
702
776
7700
5705
423
7264
7437
9883
12287
12302
3246
3452
3494
5069
6608
274
1276
1455
1766
1866
4776
5015
6650
7101
7140
7728
10272
10591
10774
11960
12397
1229
3209
6709
10138
11606
464
13080
8236
170
309
1593
3250
7309
8429
8878
12003
894
7788
343
668
1306
3307
6064
3723
7338
9861
11336
359
3892
10010
483
3895
8827
8562
11629
9821
7452
6543
6637
7016
7466
7721
12216
1942
3113
6594
7664
7336
10533
7479
1020
1183
4254
3687
7467
9985
10632
11206
6505
8689
8749
10167
10621
10988
1307
6920
11188
5275
9426
12049
1463
5233
11278
1683
8748
10930
13735
1638
1898
3514
5083
6444
7138
9228
5798
9613
1353
2319
7285
7753
5166
4969
12205
206
315
4790
4799
6956
7294
8255
10255
11000
6476
3624
4327
7089
9592
10041
9465
10586
11890
12628
13807
2631
810
8834
189
630
1196
2933
4094
5539
6586
1319
4048
5628
7638
10315
1351
9215
11597
5287
6661
6056
7676
10207
11062
8720
397
1328
2970
10409
9646
133
508
1742
1813
3111
3483
5749
8553
5902
10933
10497
12793
9675
345
9221
10653
12257
1868
2811
2823
3645
7922
1887
6966
2060
2807
3252
5423
5775
6385
11231
11757
1175
10004
12673
807
1415
3766
8679
5581
6024
4727
12792
827
1262
3574
4913
6566
7225
1148
957
3454
3503
6388
9625
945
1332
5302
6507
7666
7701
10148
12023
12068
14178
12153
915
4043
6283
3738
7319
7895
9802
12668
6021
11320
13201
14145
334
2127
10043
10715
12310
5321
6029
3862
11716
12961
9402
3949
6342
5713
11227
12885
2359
5995
10075
10987
649
6356
8120
11934
704
2809
3300
4777
5134
8152
13264
969
2626
2826
5370
7389
7693
11226
12234
12415
9464
13793
5311
1317
2839
6724
8263
13979
57
629
1281
2158
2238
5230
7754
9428
12485
12120
214
628
789
1933
3509
4173
5440
8420
9152
12200
12920
2357
9433
14253
737
787
1645
4925
5013
5260
8702
9468
10461
3382
11194
1894
6264
1675
3179
2369
6380
6844
3711
13776
273
2073
4697
5701
11208
12076
13320
3715
138
3937
7099
7150
3357
13781
4745
6812
5254
7737
8377
8441
7923
9653
5489
11074
1102
2808
3460
5403
5862
12292
2227
5718
6292
9936
9942
11713
123
592
3387
6576
7576
7646
13772
1461
7545
963
1270
