2773
8215
7091
8602
8610
8743
9002
9010
9373
9747
1335
10031
10114
10116
10205
10266
8863
10638
9386
2637
657
10965
10810
11075
5512
8293
3128
11742
11613
11826
11899
11853
12373
12413
12444
12611
12636
12773
12898
12728
12431
13334
13368
12914
13426
13446
13449
3399
13598
13644
12836
13887
4243
14236
12060
13619
14488
13152
14694
12525
15029
14550
10419
11067
15078
15143
15159
9254
12546
15268
14290
15368
12744
9788
15471
15490
4672
15632
14635
1605
15710
6226
10493
13994
5787
14435
15942
9679
16053
14529
12735
3404
10757
16262
836
1209
1577
2011
2497
2154
4013
4504
4997
2047
5379
5600
5768
5842
8085
8297
8996
9713
9733
10113
11078
4656
11958
11966
10023
12129
12146
12214
12237
12445
12555
10385
1137
12782
12884
7794
13703
13860
9280
13920
7801
8185
14247
14251
12124
13129
14365
14107
9127
13668
14966
14994
15025
15070
5190
15135
14316
15140
15182
13017
7804
15616
13506
15923
13922
12583
16011
15344
16106
13358
13111
16204
14998
16494
168
906
1386
1570
939
1998
2063
2182
2199
2243
2400
2446
2447
2477
2503
2590
2594
2611
2965
3749
3809
3838
3761
3965
4221
4240
4299
4302
4303
4359
1467
4402
4469
4487
4492
4501
4510
4549
4550
4586
4594
4596
4915
5031
5100
5107
5110
5162
5557
5556
5555
5571
5572
5888
6092
6115
6119
6137
6135
6162
6978
7826
7901
7913
6733
7983
7984
7993
8012
8040
8042
8224
8336
8485
8491
8515
8517
8568
8573
8627
8888
8908
8912
8928
4186
8956
8975
8976
8981
8986
8997
9001
9004
9023
9028
9038
9053
5247
9056
9073
9093
4999
9359
9486
9628
9719
9742
9748
9845
10084
10089
10104
10194
10345
10358
9139
10540
6238
10891
10920
10919
9480
10126
11095
11097
11108
11152
11364
7843
11539
2700
7484
11642
11651
8657
11766
11780
11805
7987
11837
1851
11940
12118
11141
12553
12394
13061
6221
13171
13211
13228
12871
8727
13403
4202
13409
13428
9012
13450
13495
13501
13840
12732
13945
14024
9113
14076
14173
14385
14470
9395
14611
14652
14656
14666
14695
14697
14705
14709
14712
14688
14720
14737
14108
14747
9396
9124
14758
14760
14800
14809
14826
14827
14828
14830
14831
14832
14835
14864
14877
2712
14935
6235
15019
4748
7876
15133
15180
11536
5485
13875
14303
10724
15302
15321
15322
3820
8767
15374
15381
9846
9612
15468
15504
15519
11028
15530
15540
8057
6239
15547
8742
11535
15425
14483
10420
15687
10702
12820
15699
15708
15749
15760
10977
15797
15765
15865
15875
15939
16003
2671
15178
15445
14387
10504
15062
10223
9841
15629
12092
16234
15208
16200
16275
14091
16296
16318
16319
16350
16370
4678
16413
16442
15689
11852
16210
16552
16590
1240
1388
1699
1783
1788
1862
882
1967
1986
1992
1996
2027
2217
2256
2371
2370
2404
2419
2438
2454
2491
2509
2530
2535
2546
2549
2575
2586
2881
2880
2894
3081
3146
3158
3871
3885
3916
3973
3989
4017
4064
4069
4162
4177
4267
4277
4391
4453
4452
4445
4457
4481
4508
4509
4519
4524
4534
4533
4548
4553
4559
4569
4571
4581
4607
4198
4730
4762
4875
4877
4914
4922
1618
4928
5038
5049
5099
3888
2078
5159
5371
5382
5448
5499
5523
5535
5566
5617
5618
5649
5666
5999
6086
6093
6131
6133
6139
6151
6153
6170
2979
6190
6192
6193
6198
6516
6520
7018
7023
7044
7046
3674
7519
7537
7584
7740
7757
7834
7852
7903
7902
7916
7955
7204
7981
7992
8005
8006
8016
5064
8041
4628
8136
8206
8308
8309
8333
8347
8348
8375
3904
2172
8512
8523
8520
8529
8542
8580
8596
8598
8615
3070
8629
8646
8750
8787
8824
8885
8907
2704
8921
8930
8970
8985
9009
9030
9042
9063
9090
9091
9065
9156
9305
9309
9306
9318
9350
9131
9361
9374
9375
9376
9416
9478
9594
9739
9751
9759
6242
9762
9891
9937
9972
10106
10103
10123
10156
10208
10341
2046
10353
4616
10518
10655
10768
10796
10800
10890
10945
2748
10952
10983
8352
10997
1219
11098
11105
9120
11485
11513
11541
11544
5001
11372
8642
11579
8886
11471
11700
11758
11761
11773
11790
11792
11793
11797
11800
11798
11799
11844
11857
11894
12065
12180
12548
12551
12554
12967
12979
13013
13031
8067
10917
13267
10740
13290
13331
13371
7781
13413
13427
13439
13447
12803
13575
13576
13709
5914
9406
13842
13847
13902
13941
13944
13951
13952
13970
13980
13982
14001
14005
14008
14030
11634
14036
14049
14002
14068
14079
14070
14082
14123
1614
10992
14379
14430
2954
14465
14472
14485
14493
14567
12642
8061
795
14615
14617
14657
14679
14704
14710
14713
2620
14727
14730
14692
14740
14744
14822
9896
8202
14887
14907
14918
14931
14944
15015
15066
15107
15113
15150
15154
15169
14837
11168
15024
15259
15262
13090
15304
15331
15100
15369
15400
15408
13160
15436
15452
15457
12988
15475
15505
15514
14097
15517
15535
15536
15554
15615
15652
1801
15600
2469
15722
15725
15726
15727
15680
3083
15774
15775
15790
15799
15852
15820
15881
15882
15890
15906
15945
15947
15948
15557
15955
15956
15983
15984
15987
15988
11496
5120
16005
16008
14294
16015
12308
8738
16029
2638
16031
2215
16048
7436
3388
12358
13749
1141
16086
12282
12029
14155
16110
13581
9793
8060
13118
14234
16181
10422
14304
16187
14185
16223
16227
15162
10926
16238
6208
16258
16260
16261
16267
13903
8285
13468
15077
16273
16277
16279
16282
11964
8356
15691
15486
16330
16340
16355
16354
16372
2732
16381
16414
16416
15497
16446
16449
16028
11795
14300
16536
15501
16343
10017
16505
10381
13147
11147
16097
16581
16586
16589
16594
9712
16609
16615
16616
1069
1653
1869
1964
1977
2003
2004
2007
2203
2314
2273
2514
2520
2612
2616
1690
3781
3826
4155
4275
4305
4454
4488
4496
4554
4584
4952
5033
5068
5496
5516
5525
5527
5732
5939
6148
6189
7407
6821
7867
7904
7996
8154
7885
2037
8277
2725
8374
8410
8490
8511
8046
8567
8604
3966
8668
8783
8875
2892
8892
8894
8948
8972
9011
3840
9044
9058
9101
7516
9315
9324
9342
9354
6220
9503
9637
5318
9722
9726
9738
9744
9781
9848
9935
9988
9990
1876
10083
10102
10117
10139
10163
10193
9700
3762
9642
10517
10537
5063
10558
10865
10941
1160
10949
10960
9998
11096
11117
11143
11368
11563
2679
11699
11770
11969
11976
12026
4797
12322
12420
12558
12617
8064
12660
13108
13223
13341
13417
13425
13430
13440
2648
13159
12951
13754
13761
13834
13893
8735
6231
13917
13924
13973
13988
14052
14011
14066
14045
14034
10734
14228
14326
14333
14383
14421
14478
14573
10511
14602
14668
14717
9132
9029
14794
14131
13042
14895
14916
14928
4663
14997
15006
15035
14203
15095
15103
8221
15112
8207
15252
13654
14988
10873
9715
15357
9439
15389
9327
12630
15461
14454
13455
15498
14938
15548
15551
15599
15611
4647
15647
15048
14522
15718
10721
15763
15849
14954
12984
15922
15931
15953
15996
15997
7461
16013
14443
16058
15364
16077
7244
14897
16100
2982
16136
13921
13755
15728
10712
16232
12916
16243
13514
16266
10741
9286
15014
14369
16342
16462
15233
16472
16479
16484
16191
14494
15896
16604
10509
743
1050
1256
1756
1994
2006
2188
2201
2291
1789
2459
3071
384
1358
4432
4679
4758
4837
4992
5384
5596
5599
5624
6134
6165
6173
6999
7022
7145
7093
7383
7619
6744
7937
7938
7978
8312
8599
6952
7160
8949
9323
9362
9413
9483
10220
10954
11085
11174
11481
11559
11562
2685
11635
11788
12021
12369
12063
10179
12995
13134
10505
13487
9785
13628
3405
11122
13715
7777
9681
13880
13882
13996
14010
9888
9407
5637
8465
14612
14636
14675
14833
14869
14873
14256
14867
8463
15085
15110
13777
10738
12529
15173
13645
15185
15274
15279
9943
13394
12348
13667
13773
15429
15428
2770
14871
15610
15634
13971
15416
2056
15385
15750
645
4270
15885
5578
15905
15684
10312
15075
1439
14136
15934
13653
15638
16046
16059
13024
11167
16078
16124
10744
15058
15232
8740
10513
13179
9684
14436
9292
4642
16237
13570
12530
16265
16178
10946
13990
15373
11986
1784
1965
2022
2166
2315
2557
2563
2596
2597
2683
3155
3765
3927
3929
3962
3977
3994
4010
4018
4146
4165
3151
4398
4460
4476
4480
4482
4491
4495
4505
4536
4538
4539
4555
4562
4574
4576
4593
4605
4609
4767
4833
4905
4917
4920
4916
4921
5042
5046
5098
5106
5108
5111
5112
2049
5442
5560
5568
5575
5616
5619
5620
5646
5647
5662
6073
6082
6100
6130
6146
6147
6166
6176
6179
6204
7021
7522
7966
7985
7994
8000
8010
4602
6232
8133
8311
8492
8527
8608
8618
8628
8649
3997
8686
8779
3802
8781
8893
5686
8910
8913
8916
8918
8987
8992
8995
8998
8999
9018
2718
9043
9046
9052
9054
9060
9067
9068
9074
9075
9079
9080
9084
9087
9092
9102
9105
9150
9154
9344
9356
9363
9368
9380
7095
9542
9545
9584
9732
8528
9752
9758
10040
10107
7240
10190
10191
10336
10350
2031
10361
10363
10658
10762
10788
10795
10808
4189
5121
10921
10689
10943
10955
10974
10978
10984
10995
11006
11007
6236
4651
11099
7116
11483
11522
11572
11628
11641
3841
4592
11804
11839
11842
11843
12033
12619
1153
13113
13116
11806
6243
10077
8737
13423
13429
13433
13435
13443
13448
457
12603
13889
8054
13907
13950
13953
13981
14019
14020
14025
14037
14041
14061
8494
14180
14402
14415
14418
14601
14614
14660
14667
14671
14673
14678
9133
14686
14687
14690
14696
14701
14699
14703
14706
14707
14715
14718
14719
14722
14728
14729
14731
14732
14743
4670
14745
14750
14755
14756
14757
14765
14805
14814
14817
8286
14868
14919
14932
14943
12266
15158
8056
11140
15318
15323
15332
15333
15336
15339
15375
10230
15376
15401
15403
15404
15410
15421
15422
15430
11626
15466
15481
15508
15512
5040
15513
15515
6211
15520
15521
15524
15525
15526
15528
9147
15532
15534
15537
15545
15546
15553
15596
15645
4836
15713
15716
15719
4646
15050
15753
15759
15762
15773
10192
15779
15781
15783
15784
15786
15787
9595
6214
14769
10811
15792
15793
11570
15798
15800
10895
15802
15805
15806
15807
2745
4380
15867
14776
12952
14209
15944
15949
15310
15952
15954
15958
15959
15961
8065
15982
15810
15989
16001
16006
16021
16035
16041
16042
16043
16047
7245
9300
8739
16091
9633
14725
14908
1792
7979
16108
16111
16114
16116
16120
9409
16130
16134
6228
16145
16172
14842
16182
16189
13350
13089
11808
16224
13049
16229
14293
12770
10424
16253
16257
16259
16255
16264
15165
7503
15935
15936
11511
9389
16289
15361
8636
12887
16295
16308
16313
15821
16315
16317
1163
16320
16323
16327
16329
13960
16362
16363
16365
9764
15558
16373
16376
16378
16379
16387
16388
16390
16391
15857
16415
16417
12715
16436
16443
16447
16450
13984
16470
16481
16490
16497
16071
4055
16529
16531
16534
16543
12126
16548
3427
16561
15670
16572
16576
16577
16578
16580
16584
16585
16587
16588
16593
16591
1849
12534
16611
1292
1668
1681
1696
1694
1698
1700
1728
1732
1826
1859
1892
1978
1982
1997
1999
2009
2012
2024
1191
2064
2187
2313
2401
2472
2476
2480
2484
2490
2525
2542
2566
2571
2578
2613
2939
3049
3056
3069
3073
3074
3078
3767
3827
3877
3930
3963
3969
3988
3925
3990
3992
3993
4008
4024
4021
4065
4068
4121
4148
4159
4169
4172
4205
4263
4379
4403
4436
4440
4456
4473
4478
4494
4497
4507
4522
4526
4528
4532
4537
4542
4551
4552
4564
4565
4573
4575
4578
4590
4591
4599
4598
4603
4606
4756
4759
4763
4918
4919
4947
5035
5047
5095
2033
5096
5101
5102
5103
5104
5105
5109
5113
2032
5157
5163
5197
5506
5508
5524
5567
5573
5648
5656
5938
5961
6079
6096
6101
6105
6118
6124
6142
6149
6157
6164
6171
6178
6180
6181
6184
6191
6196
6199
6200
7020
7043
7045
7052
7833
7887
7905
7912
7935
8007
8049
7120
3874
8229
8299
8301
8302
8304
8414
1806
8501
8504
8506
8510
8545
8571
8581
8583
8605
8613
8616
8624
8648
8647
8651
8664
7128
8909
8919
8920
8947
8959
8641
8974
8978
8982
2751
8988
9003
9008
9016
9027
9033
9035
9039
9040
9047
9051
9055
9059
9064
9072
9083
9086
9096
9097
9098
9103
9108
9106
9249
9316
9319
9322
9347
9349
9351
9366
2734
2653
1909
9482
9500
9499
8936
9632
9692
9696
3924
9697
9698
3887
9704
9708
9721
9729
9734
9735
9736
9737
9740
9745
9753
9754
9755
9760
9761
9877
9890
9917
9938
10105
10112
10124
10187
10186
2909
8951
10243
10264
10331
10332
10337
10340
10344
10347
4985
10351
10352
2034
10354
10355
10356
10357
10359
10380
5576
10469
10785
10791
8898
6223
10799
10802
10805
10807
8584
10892
10953
10958
2610
10989
9635
11008
2794
11015
11031
11033
11034
11071
11072
11076
11080
2720
8941
11093
8294
11102
11131
2746
11409
11484
2080
11540
11399
11556
11561
11560
11574
11573
1890
11578
11582
11583
11627
11633
1703
11646
11648
11488
11763
4632
11794
11801
11803
11495
11828
2655
9420
10690
12162
12549
12957
4076
9287
13348
13375
13046
7507
13406
13407
9770
13416
2667
11026
13436
13441
13442
13444
13445
13469
10967
13473
13476
11778
10754
4188
8059
10936
13794
3057
13590
4667
13946
9393
13948
2690
13949
2680
13955
2708
13957
2755
13998
13999
14007
14012
14014
14015
14018
14017
14023
14027
14035
14038
14043
14044
14042
14051
4623
14053
14056
14057
14058
14060
14062
14064
14063
14065
14067
14154
2044
5577
14327
14380
14417
14534
14554
14597
8660
14599
14600
14603
14255
10521
14616
5513
14662
14669
14670
14672
4073
10349
14681
14682
14689
14693
14708
14716
14723
14724
14733
14735
14104
14739
14741
13814
14742
14748
14749
14751
14759
11675
14799
14804
14806
14808
11110
14810
14818
14819
14824
14825
14834
14836
13995
14850
14852
14854
14914
14915
14922
14924
14926
14929
14930
14936
4649
14942
14946
12062
15055
15155
15151
8222
15220
15226
15242
15244
15260
15267
13354
15294
15296
14855
15327
13725
15334
8876
14446
2786
15399
15402
15405
15426
15435
15284
13649
15480
15483
15506
15507
15510
14949
15516
15518
15527
15529
15539
10820
15049
15543
15550
15555
15556
15598
4910
14238
7806
9677
11566
15643
15646
15390
15654
15653
15655
15415
15701
7974
15567
15711
15714
13457
8900
2766
15721
8943
15724
15741
15742
8355
15755
15754
4199
15761
8896
15782
15590
15785
10975
15794
15795
15796
9399
15801
15804
14629
14100
15850
15851
15854
15873
15878
15879
8635
15814
15888
15585
15899
15901
15902
12680
15907
14292
1430
9777
3102
15946
15950
8991
15962
15973
15974
15990
15831
15999
16002
16004
16017
16023
15612
16024
16025
16036
16037
16038
16063
5027
4911
16084
14618
16087
15859
16099
16101
16103
15744
16107
15869
16115
15563
16122
16125
16126
15560
16128
2754
16129
13316
16135
16137
16138
16139
16140
16141
16142
16143
9119
7588
13396
16174
10025
13552
11027
16190
15628
8771
2731
15229
14309
5194
14515
16222
13382
10429
14084
15871
16240
7460
14890
16252
16256
16254
16263
15489
12994
8773
16171
16270
8072
15223
16272
7820
10325
14969
10784
16280
13895
16281
16069
16283
16286
16288
13451
16291
15965
8070
16294
13125
16297
16311
8066
13515
13738
16324
11690
16328
16331
16334
8592
16336
13819
16348
16349
16351
16353
16356
16357
3087
16358
16359
16360
16361
16364
16366
16367
11149
16368
16369
16374
16375
16377
16380
16382
16383
16384
8661
2759
16386
10561
14153
16389
13460
16392
16411
16412
14083
15572
16419
16427
16428
16432
16435
16438
16445
16422
16448
10894
16458
10819
14110
9387
1822
12956
16475
16483
16465
16486
16491
16492
16493
16495
16511
16506
14312
16523
14547
14476
16553
16562
2761
16569
11494
16570
16571
16573
16574
16579
16582
16583
16592
16595
16597
16599
16601
16602
16603
16605
13275
13899
15161
15136
16241
16612
163
1724
1729
1861
1969
1987
1988
1991
2001
2005
2015
2021
2025
2096
2193
2389
2493
2513
2515
2553
2577
2585
174
3082
3837
3974
3975
3991
4112
4118
4152
4158
4204
4276
4301
4306
4308
4523
4558
4583
4755
4933
4989
5034
5039
5048
5050
2659
5502
5503
5507
180
5570
5574
5615
5645
5661
5909
5908
5910
5911
5944
5965
6081
6087
6084
6088
6089
6132
6504
7006
7536
7539
7997
8020
8039
8044
8208
8305
8376
8407
8486
8516
8519
8569
8574
8577
8578
8585
8607
8609
8870
8871
3936
8917
8954
9005
9303
9310
9312
6207
9314
9348
9372
4512
9379
9410
9415
9414
9693
9694
9695
9714
9743
9869
10108
10109
1875
5969
7819
10229
10257
10338
10346
10348
3971
10440
10554
10555
10556
8634
10761
10763
10764
10790
10797
9385
10887
10888
2628
1731
10914
10916
10922
10947
10950
10951
10991
10371
7013
11030
11035
11036
11077
11081
11082
8935
11083
11084
11090
11100
11144
11145
11146
11148
7173
6530
11482
4185
11538
11558
6246
11564
11581
8945
11584
11625
1706
11636
11637
11638
11643
11644
11647
11693
11777
11781
9114
11785
11787
11789
11796
11802
11849
11889
12183
12246
12536
12537
12552
12618
7474
12855
12973
12998
13181
10007
13184
13272
10022
13373
3425
13404
13412
13415
13421
13424
13434
3419
13493
5949
13891
13901
13912
13940
13942
4665
8373
13997
2729
14022
14071
14074
14075
13758
14125
12797
8205
14278
14373
14433
14604
14605
14610
14613
14644
14653
14654
14664
14665
2663
14676
14674
14698
14736
14798
14801
14802
14803
14807
14812
8282
5067
14902
14923
14925
14927
2677
14939
14940
14105
11734
15023
14296
463
15130
15125
13102
15263
13859
2174
15303
15315
15330
15338
13151
14539
8318
15437
15439
15440
15441
15465
15491
5483
15496
15531
15544
15549
15552
1735
10297
13513
10026
15383
15636
15642
15644
15648
15649
10415
15688
15163
13711
8284
15745
2691
15751
2666
15772
15788
10935
15862
15877
15880
15883
15884
15887
15892
10746
15918
14482
15940
13588
9489
15960
4072
15985
3812
15986
15994
15747
16009
16010
5796
3825
16033
16034
16044
16045
14140
16051
6206
12866
16068
16072
16079
9301
10729
16096
15079
10896
9850
2775
16132
16133
8640
4030
16144
10756
16176
16177
16179
15695
7818
14204
10328
16183
12991
1553
16185
16186
16192
16199
12713
16209
15588
13672
16211
16212
16215
16218
16219
7919
14948
16220
16221
16226
12724
11836
9842
13180
15447
9894
10177
16230
10700
14594
16244
15606
13153
15609
16201
10417
16274
15230
15152
16287
5891
6230
16290
16292
16293
14106
8358
16306
14576
13250
3970
5803
15700
16326
10749
14317
16338
15971
14561
15977
16371
16424
16425
16426
14094
16242
9791
16440
16441
8895
16457
16456
16321
16165
4111
16459
16460
16463
16197
16473
14425
16476
16477
8539
16485
15825
16487
16488
16489
16496
16498
16512
2106
11569
16513
16233
16514
16517
16519
16522
15913
15064
11684
16525
14980
14777
8220
16528
16532
15832
11013
16542
15362
16550
16551
16012
13857
16195
15306
15234
13507
5077
14856
12306
10549
15617
16557
13355
15194
12658
16563
16566
16052
16057
16575
12027
11752
16596
16598
12330
16600
15295
4413
15661
5278
10878
16614
15581
